readings:
44;-214;-186;4126;3255;345
54;-224;-206;4102;3255;352
64;-224;-196;4120;3251;368
74;-222;-202;4032;3263;356
84;-202;-190;4090;3263;355
94;-218;-192;4126;3259;352
104;-210;-182;4126;3259;346
114;-218;-184;4114;3251;337
124;-210;-192;4104;3269;320
134;-200;-184;4136;3267;368
144;-212;-182;4096;3255;336
154;-204;-192;4098;3263;313
164;-208;-200;4126;3263;352
174;-222;-208;4104;3259;362
184;-222;-180;4120;3255;358
194;-220;-202;4116;3250;384
204;-228;-186;4110;3255;334
214;-222;-192;4068;3267;320
224;-236;-178;4116;3267;352
234;-242;-180;4122;3263;334
244;-234;-204;4112;3255;332
254;-232;-202;4106;3263;352
264;-236;-206;4094;3263;364
274;-222;-200;4124;3259;364
284;-234;-190;4102;3255;320
294;-244;-182;4128;3263;352
304;-224;-202;4140;3254;334
314;-236;-192;4118;3287;332
324;-234;-200;4126;3255;312
334;-226;-188;4110;3259;358
344;-222;-216;4096;3255;368
354;-218;-184;4130;3263;312
364;-228;-198;4110;3259;320
374;-230;-202;4096;3263;340
384;-220;-208;4094;3259;328
394;-218;-184;4122;3251;336
404;-216;-204;4126;3263;329
414;-216;-200;4102;3263;337
424;-216;-202;4100;3263;384
434;-208;-186;4090;3263;349
444;-212;-188;4108;3263;352
454;-220;-222;4120;3262;336
464;-218;-192;4102;3255;336
474;-190;-204;4130;3253;330
484;-208;-192;4144;3253;336
494;-212;-206;4128;3259;337
504;-224;-194;4122;3261;341
514;-218;-174;4140;3261;338
524;-230;-202;4156;3262;320
534;-240;-206;4110;3261;320
544;-222;-178;4088;3255;344
554;-218;-202;4120;3255;360
564;-234;-190;4106;3263;339
574;-228;-194;4122;3259;374
584;-214;-190;4110;3259;317
594;-224;-194;4114;3267;340
604;-240;-192;4098;3259;354
614;-234;-200;4144;3247;348
624;-226;-180;4102;3286;357
634;-232;-210;4118;3261;347
644;-234;-202;4118;3255;368
654;-218;-198;4108;3255;326
664;-240;-202;4088;3261;368
674;-232;-196;4100;3259;336
684;-230;-198;4104;3253;337
694;-220;-186;4108;3263;328
704;-214;-184;4108;3263;317
714;-204;-184;4116;3263;339
724;-220;-192;4110;3263;372
734;-212;-210;4102;3251;352
744;-224;-194;4082;3263;358
754;-226;-204;4112;3255;354
764;-216;-172;4100;3263;368
774;-216;-186;4128;3259;320
784;-200;-200;4108;3263;324
794;-220;-192;4114;3261;355
804;-206;-204;4094;3263;368
814;-216;-212;4108;3259;368
824;-212;-202;4096;3255;340
834;-202;-200;4108;3259;327
844;-202;-198;4120;3263;356
854;-218;-188;4102;3251;369
864;-226;-202;4104;3271;309
874;-230;-202;4132;3263;337
884;-240;-180;4092;3255;338
894;-240;-180;4148;3255;337
904;-234;-182;4102;3251;336
914;-244;-202;4108;3259;352
924;-232;-192;4114;3263;336
934;-220;-228;4102;3263;337
944;-234;-198;4122;3259;348
954;-234;-186;4114;3259;322
964;-228;-200;4090;3279;336
974;-240;-176;4092;3263;328
984;-232;-204;4120;3263;368
994;-224;-200;4108;3247;359
1004;-220;-188;4102;3255;346
1014;-232;-186;4100;3259;352
1024;-214;-198;4076;3271;324
1034;-232;-188;4110;3259;353
1044;-226;-206;4104;3263;336
1054;-222;-220;4116;3255;330
1064;-220;-198;4108;3262;336
1074;-212;-194;4142;3259;336
1084;-212;-176;4108;3263;320
1094;-204;-184;4122;3263;338
1104;-214;-200;4104;3259;340
1114;-204;-186;3934;3261;341
1124;-212;-202;4118;3254;365
1134;-202;-190;4094;3263;320
1144;-214;-192;4118;3263;322
1154;-216;-206;4112;3259;356
1164;-216;-176;4114;3271;332
1174;-220;-188;4106;3261;336
1184;-216;-188;4096;3263;344
1194;-236;-200;4130;3263;338
1204;-218;-210;4102;3263;320
1214;-224;-186;4110;3259;368
1224;-224;-188;4104;3263;336
1234;-218;-206;4124;3255;348
1244;-220;-214;4120;3259;333
1254;-238;-182;4096;3263;348
1264;-232;-204;4124;3259;384
1274;-232;-192;4096;3255;346
1284;-244;-198;4106;3263;314
1294;-248;-200;4162;3261;328
1304;-242;-180;4104;3263;337
1314;-236;-198;4094;3269;348
1324;-214;-220;4102;3263;316
1334;-236;-204;4096;3255;353
1344;-232;-186;4120;3254;344
1354;-222;-180;4088;3255;306
1364;-222;-194;4120;3255;320
1374;-232;-184;4112;3263;338
1384;-212;-198;4112;3255;320
1394;-220;-194;4106;3263;348
1404;-208;-190;4140;3258;338
1414;-218;-180;4108;3255;338
1424;-222;-192;4112;3263;308
1434;-206;-202;4112;3259;336
1444;-218;-188;4124;3255;324
1454;-212;-180;4108;3259;336
1464;-208;-214;4148;3255;320
1474;-212;-186;4138;3263;352
1484;-214;-216;4154;3259;364
1494;-212;-188;4128;3259;341
1504;-216;-190;4116;3263;354
1514;-210;-194;4106;3255;316
1524;-210;-214;4140;3263;308
1534;-218;-192;4138;3263;334
1544;-228;-200;4108;3255;338
1554;-222;-194;4126;3263;328
1564;-230;-190;4106;3263;376
1574;-230;-192;4104;3261;346
1584;-224;-188;4138;3263;353
1594;-242;-186;4080;3263;365
1604;-230;-190;4108;3255;339
1614;-236;-192;4112;3255;306
1624;-240;-182;4110;3263;378
1634;-238;-190;4106;3259;360
1644;-246;-194;4086;3259;339
1654;-246;-180;4098;3255;341
1664;-236;-180;4112;3259;355
1674;-226;-200;4122;3263;336
1684;-240;-180;4090;3263;352
1694;-236;-204;4130;3255;355
1704;-220;-182;4106;3243;336
1714;-224;-184;4138;3269;341
1724;-224;-186;4128;3263;368
1734;-226;-172;4096;3263;366
1744;-204;-192;4104;3254;324
1754;-216;-182;4122;3251;321
1764;-206;-184;4096;3263;330
1774;-210;-186;4118;3263;336
1784;-218;-176;4114;3263;336
1794;-216;-194;4110;3263;328
1804;-214;-174;4094;3261;336
1814;-214;-190;4114;3263;354
1824;-214;-184;4100;3263;369
1834;-218;-178;4110;3255;324
1844;-218;-200;4106;3251;320
1854;-206;-198;4104;3263;336
1864;-210;-204;4088;3255;370
1874;-226;-180;4102;3263;306
1884;-236;-180;4108;3254;341
1894;-218;-198;4110;3255;330
1904;-218;-180;4120;3251;368
1914;-230;-188;4126;3255;336
1924;-238;-198;4110;3263;352
1934;-230;-216;4150;3255;352
1944;-230;-196;4116;3263;352
1954;-230;-182;4102;3255;352
1964;-238;-206;4132;3258;374
1974;-240;-194;4100;3263;336
1984;-246;-198;4126;3251;310
1994;-232;-178;4112;3263;357
2004;-246;-182;4102;3255;336
2014;-230;-190;4120;3261;332
2024;-232;-200;4110;3255;364
2034;-220;-196;4124;3261;368
2044;-232;-182;4086;3263;344
2054;-226;-190;4124;3257;336
2064;-228;-196;4102;3253;346
2074;-232;-220;4122;3263;372
2084;-226;-178;4104;3259;344
2094;-220;-210;4114;3261;345
2104;-220;-188;4102;3251;360
2114;-214;-208;4112;3263;352
2124;-206;-198;4114;3263;366
2134;-200;-200;4116;3263;344
2144;-216;-216;4124;3261;385
2154;-206;-198;4112;3259;334
2164;-204;-206;4098;3267;336
2174;-222;-200;4108;3263;336
2184;-216;-206;4116;3263;352
2194;-224;-202;4094;3263;334
2204;-214;-180;4134;3255;329
2214;-228;-198;4122;3263;336
2224;-228;-206;4110;3263;346
2234;-216;-196;4114;3261;356
2244;-210;-196;4122;3259;336
2254;-232;-194;4096;3261;336
2264;-234;-188;4094;3271;336
2274;-224;-208;4106;3263;309
2284;-242;-184;4112;3255;336
2294;-234;-194;4102;3263;352
2304;-226;-176;4108;3251;310
2314;-242;-188;4094;3263;342
2324;-222;-200;4122;3267;316
2334;-238;-198;4138;3262;336
2344;-220;-200;4104;3263;384
2354;-238;-216;4106;3263;358
2364;-238;-182;4096;3263;341
2374;-220;-190;4112;3255;333
2384;-218;-224;4116;3241;346
2394;-234;-208;4122;3255;336
2404;-226;-184;4116;3250;342
2414;-222;-202;4170;3261;358
2424;-218;-204;4120;3263;368
2434;-222;-174;4096;3263;342
2444;-218;-186;4118;3259;336
2454;-214;-202;4118;3268;331
2464;-206;-188;4102;3255;358
2474;-202;-192;4140;3263;336
2484;-212;-190;4100;3261;304
2494;-202;-208;4112;3263;344
2504;-208;-204;4122;3263;384
2514;-206;-208;4120;3255;352
2524;-216;-186;4118;3263;354
2534;-220;-190;4110;3263;370
2544;-208;-198;4096;3261;360
2554;-216;-212;4130;3263;368
2564;-224;-196;4116;3263;337
2574;-220;-206;4104;3263;368
2584;-224;-194;4106;3263;326
2594;-232;-200;4096;3259;324
2604;-230;-178;4106;3263;336
2614;-232;-194;4108;3263;352
2624;-228;-184;4102;3263;336
2634;-234;-190;4138;3259;347
2644;-240;-178;4092;3263;344
2654;-242;-204;4088;3275;352
2664;-250;-188;4110;3251;320
2674;-256;-190;4140;3259;341
2684;-242;-194;4122;3263;322
2694;-238;-174;4108;3259;350
2704;-238;-182;4112;3263;347
2714;-232;-194;4104;3263;362
2724;-228;-188;4108;3259;336
2734;-224;-200;4110;3261;344
2744;-220;-188;4108;3262;340
2754;-210;-194;4130;3259;348
2764;-224;-186;4110;3255;348
2774;-206;-196;4102;3255;320
2784;-214;-194;4104;3263;336
2794;-216;-202;4110;3263;347
2804;-202;-180;4126;3263;344
2814;-196;-176;4092;3263;359
2824;-216;-186;4116;3255;353
2834;-190;-190;4108;3263;358
2844;-214;-204;4104;3259;372
2854;-196;-202;4104;3263;344
2864;-208;-186;4132;3259;352
2874;-210;-188;4106;3263;373
2884;-208;-208;4136;3259;332
2894;-226;-178;4098;3263;333
2904;-212;-198;4114;3255;336
2914;-234;-182;4110;3263;366
2924;-218;-192;4108;3255;304
2934;-230;-190;4130;3263;322
2944;-228;-204;4122;3263;336
2954;-236;-198;4100;3255;336
2964;-244;-176;4104;3259;361
2974;-230;-186;4118;3259;304
2984;-240;-218;4102;3255;336
2994;-234;-182;4108;3259;336
3004;-236;-190;4122;3263;326
3014;-232;-190;4124;3255;336
3024;-228;-202;4098;3263;340
3034;-226;-204;4144;3263;364
3044;-228;-194;4114;3263;337
3054;-226;-176;4104;3263;338
3064;-232;-180;4106;3262;354
3074;-234;-182;4104;3263;346
3084;-220;-196;4106;3261;337
3094;-222;-188;4148;3271;313
3104;-224;-188;4144;3255;320
3114;-208;-202;4108;3263;333
3124;-222;-190;4132;3259;336
3134;-198;-198;4140;3259;328
3144;-192;-192;4108;3263;330
3154;-212;-184;4092;3263;320
3164;-210;-190;4088;3267;341
3174;-200;-188;4108;3263;336
3184;-206;-196;4118;3263;336
3194;-212;-196;4100;3259;320
3204;-210;-182;4104;3255;356
3214;-194;-196;4096;3251;340
3224;-230;-184;4100;3262;328
3234;-220;-188;4122;3263;336
3244;-216;-182;4100;3255;330
3254;-220;-188;4100;3275;346
3264;-230;-206;4118;3263;362
3274;-234;-202;4104;3259;338
3284;-232;-180;4122;3254;336
3294;-236;-180;4106;3255;368
3304;-236;-202;4112;3263;356
3314;-232;-182;4118;3259;320
3324;-234;-188;4108;3261;352
3334;-236;-194;4112;3255;320
3344;-256;-206;4078;3263;368
3354;-236;-220;4114;3255;333
3364;-238;-206;4098;3257;339
3374;-242;-200;4116;3263;338
3384;-232;-192;4106;3255;321
3394;-220;-194;4102;3267;346
3404;-242;-188;4092;3251;331
3414;-230;-212;4100;3255;338
3424;-204;-202;4094;3261;352
3434;-212;-204;4116;3251;352
3444;-210;-212;4092;3259;304
3454;-210;-182;4116;3263;384
3464;-212;-174;4100;3259;344
3474;-202;-202;4098;3263;352
3484;-216;-192;4110;3263;384
3494;-204;-200;4106;3263;350
3504;-200;-194;4120;3253;330
3514;-202;-198;4104;3255;344
3524;-222;-190;4120;3253;340
3534;-200;-198;4118;3259;352
3544;-210;-196;4118;3259;322
3554;-214;-204;4104;3255;358
3564;-204;-198;4104;3255;312
3574;-212;-202;4124;3255;320
3584;-230;-194;4098;3259;365
3594;-232;-202;4108;3263;336
3604;-222;-202;4126;3263;336
3614;-238;-188;4104;3251;363
3624;-236;-208;4090;3263;347
3634;-244;-204;4098;3255;346
3644;-250;-204;4120;3259;352
3654;-244;-186;4118;3261;326
3664;-248;-206;4112;3249;342
3674;-250;-194;4122;3253;347
3684;-226;-198;4108;3261;358
3694;-240;-210;4122;3248;322
3704;-240;-174;4104;3263;332
3714;-244;-208;4104;3255;342
3724;-242;-180;4110;3255;348
3734;-232;-204;4104;3263;333
3744;-222;-194;4108;3259;353
3754;-224;-202;4104;3251;347
3764;-212;-192;4106;3262;324
3774;-220;-202;4102;3263;342
3784;-210;-218;4106;3263;369
3794;-218;-186;4104;3263;370
3804;-212;-206;4136;3259;336
3814;-214;-190;4110;3255;325
3824;-196;-180;4102;3255;320
3834;-206;-198;4124;3259;316
3844;-204;-192;4124;3263;337
3854;-208;-190;4104;3263;320
3864;-208;-200;4104;3251;342
3874;-194;-198;4096;3259;352
3884;-212;-192;4104;3263;321
3894;-214;-188;4104;3263;346
3904;-222;-192;4112;3263;357
3914;-230;-188;4118;3259;368
3924;-226;-192;4110;3261;356
3934;-218;-190;4114;3263;341
3944;-234;-182;4142;3255;364
3954;-236;-172;4098;3263;360
3964;-248;-180;4116;3255;330
3974;-226;-184;4126;3263;336
3984;-250;-190;4122;3263;336
3994;-236;-182;4116;3259;341
4004;-244;-186;4114;3261;360
4014;-224;-190;4126;3251;324
4024;-244;-184;4122;3267;342
4034;-232;-186;4112;3281;330
4044;-240;-206;4096;3259;328
4054;-246;-200;4120;3254;341
4064;-236;-190;4124;3255;304
4074;-210;-204;4102;3255;356
4084;-222;-186;4162;3255;329
4094;-222;-180;4098;3255;323
4104;-216;-192;4126;3259;324
4114;-218;-206;4150;3263;332
4124;-208;-190;4094;3255;368
4134;-216;-216;4104;3263;326
4144;-208;-182;4130;3259;348
4154;-214;-200;4106;3263;320
4164;-194;-190;4100;3263;332
4174;-208;-192;4106;3259;354
4184;-204;-212;4098;3263;352
4194;-202;-190;4110;3263;326
4204;-196;-190;4106;3219;330
4214;-192;-180;4096;3262;320
4224;-214;-206;4116;3251;347
4234;-208;-192;4092;3263;322
4244;-218;-182;4110;3259;342
4254;-218;-192;4124;3263;344
4264;-212;-196;4122;3261;330
4274;-228;-198;4100;3247;352
4284;-216;-192;4096;3263;324
4294;-246;-198;4136;3263;348
4304;-222;-204;4124;3263;336
4314;-220;-174;4120;3251;365
4324;-236;-200;4130;3251;357
4334;-232;-186;4108;3261;358
4344;-236;-204;4140;3259;362
4354;-242;-186;4128;3251;353
4364;-244;-188;4112;3263;364
4374;-246;-202;4104;3271;340
4384;-244;-202;4114;3262;362
4394;-242;-204;4120;3263;346
4404;-246;-174;4100;3263;333
4414;-242;-188;4104;3259;354
4424;-222;-212;4098;3263;338
4434;-220;-174;4114;3263;320
4444;-228;-204;4102;3263;346
4454;-206;-200;4114;3255;365
4464;-222;-208;4128;3259;352
4474;-214;-202;4114;3263;339
4484;-210;-186;4012;3253;336
4494;-208;-214;4096;3261;332
4504;-198;-194;4106;3259;360
4514;-208;-212;4118;3255;324
4524;-214;-204;4110;3255;309
4534;-202;-190;4106;3251;341
4544;-202;-210;4132;3263;329
4554;-206;-198;4120;3263;336
4564;-192;-180;4120;3255;336
4574;-212;-204;4102;3259;306
4584;-200;-192;4120;3263;316
4594;-222;-194;4128;3263;373
4604;-226;-188;4104;3263;346
4614;-216;-186;4106;3263;352
4624;-236;-200;4112;3259;333
4634;-236;-192;4128;3263;325
4644;-240;-184;4094;3259;328
4654;-242;-178;4110;3263;360
4664;-230;-214;4082;3279;336
4674;-244;-214;4106;3259;352
4684;-242;-184;4118;3263;340
4694;-250;-188;4124;3261;364
4704;-246;-196;4116;3255;333
4714;-230;-178;4094;3263;360
4724;-232;-216;4112;3267;344
4734;-226;-174;4136;3263;352
4744;-238;-184;4100;3262;336
4754;-218;-188;4138;3263;336
4764;-228;-178;4118;3255;368
4774;-224;-198;4110;3263;320
4784;-232;-206;4096;3255;304
4794;-222;-186;4090;3263;336
4804;-212;-178;4120;3255;316
4814;-218;-200;4146;3262;352
4824;-200;-186;4102;3263;322
4834;-198;-186;4108;3263;348
4844;-204;-188;4076;3263;349
4854;-210;-180;4116;3255;344
4864;-198;-178;4128;3255;336
4874;-220;-180;4098;3263;369
4884;-210;-196;4104;3263;366
4894;-202;-188;4110;3263;358
4904;-194;-190;4100;3259;336
4914;-210;-176;4116;3263;352
4924;-210;-196;4112;3263;369
4934;-212;-174;4112;3259;342
4944;-228;-210;4096;3269;378
4954;-218;-192;4094;3263;308
4964;-234;-184;4108;3259;358
4974;-234;-188;4098;3255;336
4984;-232;-202;4140;3261;320
4994;-230;-192;4092;3259;328
5004;-250;-204;4104;3263;328
5014;-236;-182;4102;3263;354
5024;-238;-210;4116;3263;336
5034;-240;-202;4090;3259;345
5044;-244;-188;4144;3263;314
5054;-246;-196;4096;3261;352
5064;-252;-198;4104;3263;360
5074;-242;-184;4098;3253;338
5084;-242;-192;4114;3263;320
5094;-228;-182;4116;3251;336
5104;-222;-190;4104;3259;362
5114;-214;-200;4126;3270;322
5124;-214;-194;4100;3259;344
5134;-222;-182;4122;3261;370
5144;-210;-190;4094;3263;336
5154;-220;-184;4104;3263;372
5164;-210;-204;4126;3259;329
5174;-204;-186;4096;3263;336
5184;-200;-192;4118;3255;360
5194;-192;-200;4154;3259;366
5204;-224;-204;4100;3263;345
5214;-190;-200;4104;3261;353
5224;-196;-178;4092;3255;329
5234;-216;-212;4086;3263;341
5244;-212;-208;4086;3255;320
5254;-214;-198;4092;3259;352
5264;-220;-218;4124;3259;346
5274;-230;-200;4108;3263;315
5284;-208;-196;4074;3267;368
5294;-236;-214;4094;3259;346
5304;-232;-192;4098;3259;322
5314;-244;-198;4110;3263;368
5324;-238;-188;4104;3263;354
5334;-240;-204;4106;3261;329
5344;-242;-216;4132;3263;352
5354;-240;-194;4094;3255;357
5364;-254;-196;4108;3251;341
5374;-238;-208;4124;3255;346
5384;-254;-206;4104;3259;364
5394;-230;-204;4022;3259;380
5404;-236;-200;4104;3249;332
5414;-246;-204;4106;3259;344
5424;-236;-192;4128;3255;363
5434;-230;-222;4124;3259;361
5444;-214;-186;4096;3259;362
5454;-228;-198;4084;3255;368
5464;-212;-202;4108;3259;325
5474;-222;-188;4092;3259;316
5484;-210;-182;4100;3263;336
5494;-184;-188;4116;3259;358
5504;-212;-206;4132;3261;368
5514;-200;-202;4104;3263;359
5524;-196;-202;4118;3266;330
5534;-208;-182;4114;3263;336
5544;-218;-206;4110;3235;320
5554;-206;-202;4118;3262;312
5564;-204;-192;4108;3259;338
5574;-206;-206;4132;3263;305
5584;-212;-204;4110;3255;324
5594;-222;-200;4118;3259;322
5604;-192;-184;4096;3251;357
5614;-214;-190;4098;3259;365
5624;-218;-202;4088;3263;336
5634;-232;-184;4132;3259;334
5644;-220;-200;4112;3259;332
5654;-236;-200;4110;3262;330
5664;-226;-210;3982;3259;305
5674;-232;-190;4108;3263;360
5684;-232;-184;4122;3263;304
5694;-232;-208;4106;3253;366
5704;-248;-204;4106;3255;314
5714;-240;-190;4108;3258;361
5724;-250;-190;4104;3275;352
5734;-244;-180;4100;3255;333
5744;-250;-208;4092;3259;355
5754;-230;-194;4098;3255;352
5764;-222;-186;4104;3259;341
5774;-230;-202;4090;3263;336
5784;-228;-194;4102;3263;352
5794;-228;-188;4102;3255;376
5804;-224;-196;4098;3253;352
5814;-212;-196;4104;3267;328
5824;-212;-192;4110;3263;336
5834;-224;-188;4152;3253;336
5844;-216;-208;4098;3263;341
5854;-200;-186;4116;3259;369
5864;-220;-190;4106;3255;329
5874;-210;-190;4100;3249;357
5884;-200;-186;4094;3259;338
5894;-200;-186;4126;3263;323
5904;-196;-192;4098;3255;330
5914;-216;-192;4098;3263;338
5924;-204;-198;4130;3259;336
5934;-210;-212;4102;3255;336
5944;-214;-194;4102;3263;348
5954;-220;-192;4114;3263;336
5964;-220;-196;4138;3262;304
5974;-220;-212;4110;3263;344
5984;-228;-194;4096;3259;349
5994;-240;-182;4106;3262;338
6004;-234;-200;4114;3259;352
6014;-234;-190;4106;3255;336
6024;-240;-194;4108;3259;336
6034;-232;-194;4104;3255;348
6044;-248;-182;4102;3259;358
6054;-238;-200;4144;3255;336
6064;-242;-186;4124;3267;328
6074;-244;-184;4104;3261;311
6084;-242;-196;4120;3261;345
6094;-240;-184;4096;3263;365
6104;-232;-186;4104;3263;338
6114;-232;-204;4100;3259;330
6124;-236;-202;4116;3255;349
6134;-230;-194;4160;3263;321
6144;-226;-176;4142;3259;316
6154;-226;-194;4110;3263;372
6164;-220;-182;4090;3263;357
6174;-216;-202;4096;3263;346
6184;-230;-198;4106;3255;336
6194;-196;-204;4156;3259;341
6204;-198;-188;4090;3249;341
6214;-218;-180;4112;3263;320
6224;-210;-168;4092;3255;352
6234;-198;-188;4100;3254;328
6244;-198;-196;4104;3239;349
6254;-200;-204;4116;3255;338
6264;-214;-208;4116;3263;336
6274;-218;-200;4104;3271;316
6284;-222;-188;4112;3259;336
6294;-220;-200;4132;3255;374
6304;-228;-172;4112;3262;356
6314;-226;-192;4126;3261;352
6324;-242;-202;4106;3261;348
6334;-234;-194;4094;3263;304
6344;-232;-208;4136;3263;325
6354;-234;-180;4132;3251;360
6364;-244;-204;4108;3255;320
6374;-240;-194;4146;3253;368
6384;-240;-184;4096;3263;346
6394;-236;-198;4098;3259;336
6404;-238;-202;4102;3267;336
6414;-244;-208;4098;3255;336
6424;-242;-202;4096;3255;336
6434;-242;-204;4098;3255;336
6444;-244;-196;4130;3251;344
6454;-232;-188;4098;3261;344
6464;-228;-196;4132;3263;358
6474;-218;-186;4106;3255;384
6484;-226;-188;4114;3255;314
6494;-226;-204;4114;3255;368
6504;-218;-186;4124;3263;352
6514;-214;-190;4114;3262;340
6524;-216;-180;4096;3247;340
6534;-210;-192;4132;3254;333
6544;-214;-186;4102;3263;336
6554;-186;-172;4108;3259;320
6564;-200;-176;4092;3259;310
6574;-204;-200;4112;3253;328
6584;-206;-202;4108;3263;368
6594;-204;-176;4120;3259;336
6604;-202;-206;4116;3263;320
6614;-206;-186;4102;3253;304
6624;-218;-184;4116;3263;323
6634;-218;-194;4114;3253;344
6644;-222;-188;4104;3249;346
6654;-214;-188;4118;3263;330
6664;-226;-202;4102;3255;310
6674;-230;-214;4112;3251;352
6684;-230;-188;4098;3263;354
6694;-240;-202;4118;3259;321
6704;-232;-194;4104;3263;336
6714;-240;-198;4106;3255;368
6724;-236;-188;4114;3261;336
6734;-254;-178;4118;3255;358
6744;-262;-184;4128;3262;354
6754;-252;-204;4100;3255;346
6764;-242;-194;4122;3255;341
6774;-246;-214;4092;3259;328
6784;-236;-212;4136;3251;336
6794;-238;-200;4084;3259;325
6804;-232;-198;4142;3248;320
6814;-232;-190;4100;3255;332
6824;-226;-210;4106;3263;363
6834;-224;-192;4122;3255;345
6844;-208;-210;4108;3263;362
6854;-216;-200;4110;3253;340
6864;-212;-202;4090;3270;352
6874;-216;-192;4090;3259;320
6884;-208;-202;4110;3251;353
6894;-210;-210;4134;3263;342
6904;-206;-210;4130;3263;348
6914;-208;-176;4106;3263;325
6924;-214;-200;4130;3262;336
6934;-212;-198;4128;3267;349
6944;-216;-194;4110;3263;336
6954;-218;-182;4130;3263;326
6964;-200;-188;4116;3259;312
6974;-226;-184;4108;3251;352
6984;-220;-192;4128;3255;368
6994;-218;-182;4128;3259;366
7004;-222;-196;4094;3263;342
7014;-230;-190;4094;3261;353
7024;-222;-212;4106;3267;377
7034;-238;-216;4128;3259;361
7044;-248;-188;4094;3267;344
7054;-244;-208;4116;3255;337
7064;-238;-190;4104;3261;336
7074;-248;-200;4108;3263;312
7084;-238;-200;4146;3263;342
7094;-250;-198;4120;3263;332
7104;-244;-170;4094;3263;329
7114;-232;-190;4112;3259;344
7124;-228;-188;4110;3263;314
7134;-236;-204;4106;3263;353
7144;-226;-188;4116;3263;320
7154;-236;-198;4096;3255;320
7164;-226;-198;4114;3263;314
7174;-222;-202;4142;3253;336
7184;-222;-182;4118;3263;324
7194;-218;-206;4120;3262;314
7204;-214;-190;4098;3259;357
7214;-212;-206;4104;3253;336
7224;-198;-192;4126;3261;347
7234;-220;-178;4110;3255;361
7244;-208;-208;4108;3259;360
7254;-206;-198;4114;3263;352
7264;-188;-180;4116;3261;352
7274;-210;-190;4138;3263;336
7284;-210;-204;4122;3255;336
7294;-206;-188;4100;3263;361
7304;-218;-200;4106;3259;368
7314;-204;-198;4128;3263;348
7324;-210;-206;4130;3275;347
7334;-224;-184;4094;3251;336
7344;-226;-184;4046;3263;320
7354;-232;-190;4098;3263;330
7364;-240;-182;4106;3263;364
7374;-228;-192;4108;3255;336
7384;-236;-214;4114;3261;362
7394;-236;-192;4118;3249;336
7404;-250;-190;4106;3255;361
7414;-242;-200;4100;3259;339
7424;-240;-194;4114;3262;368
7434;-240;-196;4096;3259;332
7444;-244;-208;4108;3251;362
7454;-248;-194;4114;3255;345
7464;-242;-202;4132;3255;344
7474;-236;-198;4106;3263;360
7484;-230;-174;4122;3259;342
7494;-236;-208;4114;3255;332
7504;-234;-190;4106;3253;348
7514;-220;-208;4104;3263;353
7524;-204;-178;4098;3259;356
7534;-208;-178;4112;3259;326
7544;-216;-182;4124;3253;384
7554;-206;-172;4114;3259;338
7564;-214;-178;4136;3255;329
7574;-194;-188;4120;3255;354
7584;-218;-178;4098;3259;332
7594;-216;-192;4102;3249;337
7604;-210;-200;4110;3259;352
7614;-216;-176;4106;3259;320
7624;-200;-194;4116;3259;329
7634;-202;-176;4136;3259;330
7644;-224;-194;4092;3255;366
7654;-216;-188;4096;3267;345
7664;-204;-192;4108;3263;370
7674;-232;-200;4110;3262;330
7684;-204;-198;4092;3249;328
7694;-220;-190;4104;3255;322
7704;-228;-192;4108;3263;352
7714;-236;-190;4154;3259;339
7724;-236;-178;4126;3251;344
7734;-252;-198;4112;3259;310
7744;-238;-206;4104;3255;320
7754;-242;-180;4106;3253;344
7764;-240;-176;4114;3271;336
7774;-248;-194;4108;3263;352
7784;-242;-190;4100;3253;306
7794;-220;-202;4104;3269;304
7804;-238;-194;4120;3255;322
7814;-234;-196;4124;3259;336
7824;-242;-208;4106;3255;352
7834;-230;-184;4086;3259;336
7844;-218;-198;4090;3262;321
7854;-228;-180;4112;3263;352
7864;-218;-192;4124;3263;358
7874;-210;-182;4118;3263;352
7884;-204;-184;4134;3263;336
7894;-208;-188;4106;3259;332
7904;-200;-202;4100;3251;324
7914;-210;-186;4134;3263;352
7924;-212;-186;4106;3259;342
7934;-206;-188;4112;3253;332
7944;-200;-204;4122;3263;352
7954;-194;-198;4106;3263;336
7964;-218;-200;4106;3259;320
7974;-202;-184;4126;3259;347
7984;-218;-194;4102;3259;360
7994;-220;-184;4104;3275;352
8004;-238;-196;4112;3255;352
8014;-226;-204;4082;3259;353
8024;-224;-196;4086;3259;358
8034;-236;-172;4088;3248;352
8044;-230;-188;4068;3255;324
8054;-246;-190;4106;3263;336
8064;-234;-188;4110;3259;352
8074;-224;-188;4146;3263;352
8084;-244;-208;4128;3263;338
8094;-244;-206;4110;3267;351
8104;-236;-220;4090;3251;304
8114;-236;-212;4100;3263;315
8124;-244;-186;4104;3279;362
8134;-262;-216;4112;3263;368
8144;-232;-192;4106;3263;336
8154;-226;-188;4088;3259;356
8164;-224;-200;4114;3263;344
8174;-220;-196;4130;3263;320
8184;-234;-186;4110;3263;332
8194;-222;-196;4108;3269;358
8204;-212;-192;4108;3263;332
8214;-222;-200;4114;3263;344
8224;-208;-182;4116;3255;320
8234;-216;-194;4130;3263;325
8244;-220;-178;4112;3263;341
8254;-212;-202;4168;3259;343
8264;-196;-190;4120;3259;346
8274;-204;-198;4116;3262;352
8284;-210;-220;4142;3249;352
8294;-212;-186;4106;3261;366
8304;-198;-180;4122;3263;321
8314;-226;-198;4106;3261;354
8324;-214;-178;4124;3263;336
8334;-206;-204;4098;3259;352
8344;-220;-192;4112;3253;322
8354;-246;-194;4122;3263;354
8364;-226;-212;4104;3255;368
8374;-234;-190;4128;3263;326
8384;-230;-186;4090;3259;336
8394;-230;-186;4106;3262;360
8404;-240;-176;4096;3255;320
8414;-236;-176;4092;3263;352
8424;-226;-178;4112;3254;328
8434;-246;-182;4114;3263;340
8444;-240;-198;4108;3261;329
8454;-232;-184;4098;3261;371
8464;-234;-182;4110;3263;322
8474;-232;-176;4090;3263;337
8484;-236;-194;4114;3259;338
8494;-240;-182;4104;3263;353
8504;-230;-200;4132;3255;369
8514;-222;-198;4146;3259;365
8524;-230;-182;4142;3263;342
8534;-218;-202;4132;3263;357
8544;-210;-200;4124;3259;328
8554;-226;-202;4116;3255;316
8564;-218;-202;4110;3271;352
8574;-216;-192;4116;3263;365
8584;-216;-192;4116;3263;336
8594;-196;-192;4064;3255;330
8604;-216;-196;4104;3263;344
8614;-212;-186;4114;3262;352
8624;-204;-194;4108;3253;336
8634;-202;-176;4114;3259;362
8644;-204;-184;4104;3259;336
8654;-212;-204;4118;3263;328
8664;-218;-190;4116;3263;352
8674;-216;-192;4108;3261;338
8684;-206;-192;4150;3263;374
8694;-228;-184;4098;3259;336
8704;-236;-178;4118;3259;372
8714;-228;-192;4086;3253;384
8724;-232;-190;4112;3259;368
8734;-226;-202;4118;3255;368
8744;-238;-176;4120;3261;356
8754;-224;-200;4114;3263;353
8764;-236;-196;4104;3255;368
8774;-230;-198;4098;3259;360
8784;-244;-210;4096;3259;356
8794;-230;-180;4104;3259;336
8804;-238;-204;4118;3267;340
8814;-218;-198;4108;3262;362
8824;-238;-192;4092;3263;330
8834;-234;-188;4110;3263;355
8844;-214;-196;4082;3259;368
8854;-236;-196;4106;3263;372
8864;-226;-186;4114;3261;365
8874;-224;-196;4136;3259;361
8884;-220;-190;4094;3263;345
8894;-222;-174;4106;3263;355
8904;-216;-202;4100;3259;320
8914;-218;-202;4120;3263;336
8924;-216;-188;4116;3263;347
8934;-212;-202;4120;3247;378
8944;-198;-188;4132;3261;320
8954;-202;-194;4104;3269;339
8964;-208;-198;4128;3259;345
8974;-208;-198;4124;3263;332
8984;-200;-184;4138;3259;342
8994;-220;-182;4094;3259;362
9004;-216;-196;4120;3259;330
9014;-220;-184;4136;3263;341
9024;-228;-178;4148;3263;320
9034;-226;-202;4132;3263;325
9044;-208;-184;4100;3267;337
9054;-230;-182;4122;3255;366
9064;-220;-186;4102;3255;342
9074;-236;-182;4126;3255;348
9084;-244;-194;4116;3255;346
9094;-226;-210;4116;3255;346
9104;-228;-178;4130;3251;333
9114;-232;-180;4094;3255;314
9124;-234;-180;4118;3263;357
9134;-240;-204;4096;3255;353
9144;-242;-186;4106;3263;326
9154;-246;-194;4076;3263;316
9164;-242;-176;4114;3259;356
9174;-230;-200;4100;3255;340
9184;-222;-200;4110;3258;309
9194;-224;-194;4092;3259;336
9204;-236;-186;4148;3261;336
9214;-226;-218;4106;3254;364
9224;-214;-188;4114;3253;336
9234;-216;-188;4090;3254;342
9244;-236;-184;4116;3255;376
9254;-224;-204;4122;3251;352
9264;-206;-188;4136;3251;346
9274;-220;-192;4100;3262;342
9284;-220;-174;4144;3263;341
9294;-212;-180;4120;3263;352
9304;-214;-198;4136;3263;352
9314;-200;-180;4092;3259;336
9324;-224;-190;4130;3263;337
9334;-220;-198;4096;3261;354
9344;-232;-194;4106;3251;368
9354;-232;-190;4150;3259;326
9364;-222;-190;4110;3263;342
9374;-220;-196;4122;3251;358
9384;-234;-210;4122;3251;360
9394;-230;-198;4100;3259;352
9404;-234;-188;4128;3263;314
9414;-236;-214;4114;3263;352
9424;-224;-188;4118;3255;326
9434;-242;-198;4106;3255;373
9444;-242;-190;4108;3251;357
9454;-232;-214;4124;3251;352
9464;-226;-176;4108;3251;368
9474;-228;-198;4134;3251;332
9484;-228;-180;4134;3263;352
9494;-234;-192;4110;3259;340
9504;-236;-178;4106;3259;380
9514;-230;-210;4100;3255;336
9524;-232;-192;4100;3255;363
9534;-226;-192;4110;3263;323
9544;-218;-178;4116;3253;345
9554;-222;-196;4112;3263;362
9564;-214;-206;4106;3263;336
9574;-222;-180;4098;3263;345
9584;-216;-176;4122;3255;338
9594;-226;-214;4102;3259;380
9604;-222;-204;4122;3263;352
9614;-214;-184;4120;3253;359
9624;-212;-198;4110;3251;333
9634;-220;-204;4110;3261;336
9644;-216;-194;4120;3267;368
9654;-220;-190;4102;3255;316
9664;-206;-180;4108;3263;346
9674;-214;-200;4094;3263;357
9684;-222;-184;4104;3263;354
9694;-220;-224;4106;3253;338
9704;-220;-200;4106;3263;329
9714;-226;-184;4100;3259;343
9724;-222;-206;4112;3251;368
9734;-218;-196;4126;3263;365
9744;-224;-188;4108;3263;373
9754;-236;-190;4116;3250;349
9764;-230;-184;4116;3263;358
9774;-226;-204;4108;3267;352
9784;-218;-202;4106;3267;314
9794;-238;-198;4090;3261;357
9804;-220;-186;4130;3263;346
9814;-252;-190;4118;3259;356
9824;-230;-218;4064;3263;338
9834;-236;-202;4134;3267;376
9844;-224;-206;4090;3255;377
9854;-236;-206;4116;3253;350
9864;-220;-202;4098;3263;344
9874;-226;-188;4102;3259;362
9884;-234;-178;4104;3269;384
9894;-220;-202;4136;3263;375
9904;-218;-182;4114;3258;350
9914;-210;-180;4100;3259;374
9924;-218;-178;4110;3263;314
9934;-230;-202;4098;3263;346
9944;-214;-206;4086;3269;346
9954;-226;-206;4106;3263;368
9964;-202;-186;4092;3255;332
9974;-188;-176;4130;3271;338
9984;-210;-198;4146;3255;368
9994;-222;-200;4096;3251;384
10004;-208;-206;4106;3259;328
10014;-224;-180;4116;3270;340
10024;-214;-192;4110;3255;336
10034;-218;-196;4134;3263;330
10044;-214;-198;4116;3259;352
10054;-232;-196;4114;3267;320
10064;-236;-192;4134;3263;368
10074;-222;-196;4112;3253;360
10084;-224;-196;4104;3263;368
10094;-236;-208;4094;3263;368
10104;-224;-198;4110;3255;360
10114;-234;-196;4134;3267;368
10124;-228;-194;4108;3259;352
10134;-232;-208;4102;3269;378
10144;-232;-202;4142;3263;370
10154;-240;-170;4114;3261;320
10164;-232;-190;4098;3255;338
10174;-236;-180;4128;3259;336
10184;-226;-184;4132;3269;346
10194;-224;-198;4086;3259;324
10204;-228;-194;4114;3262;356
10214;-238;-206;4130;3263;345
10224;-216;-214;4098;3259;355
10234;-220;-186;4130;3263;320
10244;-222;-200;4096;3263;363
10254;-210;-168;4090;3259;384
10264;-202;-204;4110;3259;368
10274;-222;-200;4112;3263;355
10284;-212;-188;4128;3259;368
10294;-210;-202;4116;3263;340
10304;-214;-188;4100;3255;347
10314;-208;-200;4102;3267;348
10324;-210;-204;4114;3262;376
10334;-222;-178;4106;3263;349
10344;-212;-208;4114;3251;363
10354;-216;-178;4104;3253;324
10364;-226;-188;4134;3255;336
10374;-226;-194;4098;3259;308
10384;-214;-196;4110;3259;347
10394;-230;-198;4114;3259;357
10404;-234;-200;4130;3255;364
10414;-222;-190;4130;3263;336
10424;-220;-190;4122;3251;374
10434;-222;-204;4112;3263;336
10444;-238;-200;4146;3263;328
10454;-234;-202;4116;3253;332
10464;-232;-200;4104;3259;397
10474;-240;-208;4104;3250;356
10484;-228;-192;4104;3259;342
10494;-238;-198;4134;3263;362
10504;-226;-178;4114;3263;331
10514;-228;-186;4104;3263;377
10524;-224;-178;4118;3263;325
10534;-236;-186;4130;3263;362
10544;-238;-178;4102;3263;348
10554;-206;-192;4136;3263;368
10564;-226;-174;4106;3259;338
10574;-214;-188;4112;3263;352
10584;-228;-200;4118;3261;332
10594;-228;-210;4120;3255;341
10604;-220;-188;4108;3263;336
10614;-206;-174;4148;3261;377
10624;-220;-196;4120;3267;365
10634;-218;-172;4128;3263;336
10644;-226;-200;4124;3251;360
10654;-216;-190;4152;3263;316
10664;-210;-194;4016;3251;356
10674;-200;-210;4106;3263;362
10684;-212;-180;4090;3255;364
10694;-222;-206;4104;3255;346
10704;-220;-206;4118;3263;330
10714;-218;-204;4096;3255;320
10724;-222;-188;4100;3263;368
10734;-218;-204;4110;3259;369
10744;-228;-198;4124;3255;346
10754;-222;-174;4114;3262;374
10764;-232;-178;4112;3251;330
10774;-216;-178;4112;3263;341
10784;-228;-204;4114;3255;357
10794;-236;-186;4118;3261;332
10804;-238;-204;4116;3259;313
10814;-238;-192;4102;3259;370
10824;-228;-186;4114;3263;356
10834;-232;-182;4104;3263;362
10844;-232;-190;4092;3255;348
10854;-222;-196;4128;3255;336
10864;-234;-198;4084;3263;340
10874;-238;-190;4098;3263;364
10884;-230;-192;4106;3263;360
10894;-240;-206;4112;3255;384
10904;-222;-200;4120;3255;356
10914;-238;-224;4118;3263;370
10924;-222;-212;4104;3263;342
10934;-222;-200;4100;3263;368
10944;-224;-204;4118;3253;336
10954;-210;-176;4114;3259;320
10964;-206;-204;4118;3263;336
10974;-222;-186;4100;3255;330
10984;-204;-192;4124;3263;312
10994;-216;-196;4136;3267;340
11004;-204;-202;4134;3255;368
11014;-212;-182;4138;3263;346
11024;-218;-182;4120;3263;344
11034;-230;-206;4112;3263;332
11044;-200;-184;4104;3250;336
11054;-216;-198;4136;3261;352
11064;-238;-200;4092;3255;348
11074;-222;-194;4118;3259;358
11084;-228;-190;4126;3263;359
11094;-234;-182;4120;3263;338
11104;-230;-204;4112;3263;349
11114;-224;-194;4112;3255;336
11124;-232;-210;4102;3263;309
11134;-228;-194;4094;3254;338
11144;-222;-178;4080;3255;348
11154;-234;-182;4112;3259;356
11164;-250;-194;4098;3263;357
11174;-236;-202;4130;3255;346
11184;-240;-198;4118;3261;330
11194;-228;-182;4100;3259;336
11204;-240;-184;4104;3259;320
11214;-232;-200;4096;3259;358
11224;-226;-196;4128;3251;368
11234;-238;-198;4118;3263;321
11244;-232;-186;4096;3255;324
11254;-230;-192;4098;3263;336
11264;-224;-198;4096;3263;332
11274;-216;-186;4100;3263;337
11284;-216;-178;4140;3271;345
11294;-218;-194;4110;3253;355
11304;-220;-200;4138;3259;353
11314;-216;-206;4124;3263;368
11324;-210;-182;4094;3249;320
11334;-216;-198;4122;3255;344
11344;-204;-198;4096;3263;373
11354;-226;-180;4108;3263;346
11364;-210;-188;4108;3263;336
11374;-208;-208;4112;3263;354
11384;-218;-194;4100;3263;338
11394;-222;-178;4090;3251;368
11404;-216;-178;4098;3255;372
11414;-228;-182;4104;3255;368
11424;-234;-172;4096;3250;352
11434;-216;-176;4122;3255;348
11444;-222;-204;4110;3259;368
11454;-228;-186;4118;3255;336
11464;-230;-186;4112;3263;346
11474;-226;-190;4124;3251;344
11484;-230;-174;4112;3255;320
11494;-238;-196;4106;3263;349
11504;-240;-198;4112;3255;368
11514;-236;-206;4092;3249;352
11524;-242;-190;4122;3263;352
11534;-236;-202;4122;3255;353
11544;-226;-206;4104;3255;346
11554;-236;-192;4090;3253;352
11564;-234;-206;4116;3249;332
11574;-216;-190;4098;3255;332
11584;-234;-212;4100;3261;344
11594;-228;-198;4118;3263;384
11604;-214;-194;4140;3255;364
11614;-206;-188;4108;3255;337
11624;-222;-188;4114;3261;337
11634;-234;-200;4106;3263;320
11644;-226;-202;4114;3255;352
11654;-230;-178;4124;3263;341
11664;-210;-204;4142;3248;346
11674;-214;-184;4118;3255;324
11684;-212;-184;4100;3259;314
11694;-206;-188;4124;3261;366
11704;-216;-188;4104;3255;330
11714;-202;-212;4102;3251;372
11724;-226;-208;4124;3255;350
11734;-212;-218;4102;3227;368
11744;-222;-208;4092;3263;328
11754;-238;-190;4086;3251;331
11764;-204;-192;4096;3251;338
11774;-218;-182;4122;3251;358
11784;-218;-178;4098;3262;378
11794;-214;-208;3938;3263;336
11804;-224;-192;4100;3251;348
11814;-220;-178;4108;3255;336
11824;-236;-196;4108;3263;336
11834;-236;-214;4104;3259;356
11844;-232;-192;4112;3259;341
11854;-244;-202;4134;3263;328
11864;-226;-180;4116;3255;361
11874;-232;-178;4108;3255;356
11884;-224;-202;4140;3259;389
11894;-230;-188;4104;3255;336
11904;-230;-208;4092;3259;365
11914;-212;-212;4130;3263;388
11924;-234;-184;4116;3255;348
11934;-224;-206;4098;3263;362
11944;-222;-208;4110;3255;306
11954;-222;-190;4114;3263;348
11964;-232;-196;4126;3259;348
11974;-208;-182;4148;3261;384
11984;-228;-202;4110;3251;374
11994;-218;-176;4090;3267;353
12004;-226;-194;4104;3253;361
12014;-202;-190;4132;3251;368
12024;-228;-192;4096;3253;352
12034;-212;-186;4114;3255;342
12044;-222;-202;4126;3255;364
12054;-218;-196;4098;3255;348
12064;-206;-186;4110;3262;327
12074;-220;-204;4120;3262;392
12084;-212;-206;4108;3269;374
12094;-226;-196;4112;3263;326
12104;-220;-204;4094;3259;352
12114;-204;-200;4114;3259;353
12124;-224;-214;4112;3263;371
12134;-232;-210;4112;3259;368
12144;-222;-188;4112;3259;346
12154;-236;-196;4098;3263;369
12164;-226;-202;4102;3263;340
12174;-222;-204;4144;3254;347
12184;-226;-196;4122;3259;364
12194;-218;-178;4142;3259;347
12204;-228;-172;4120;3263;352
12214;-228;-174;4108;3255;348
12224;-238;-190;4116;3263;362
12234;-228;-214;4128;3255;357
12244;-234;-214;4110;3251;348
12254;-212;-198;4112;3259;372
12264;-224;-190;4110;3263;320
12274;-222;-196;4122;3263;348
12284;-218;-198;4104;3255;364
12294;-218;-192;4118;3255;369
12304;-232;-192;4126;3253;356
12314;-208;-198;4122;3255;352
12324;-214;-174;4090;3263;342
12334;-218;-186;4104;3263;336
12344;-210;-188;4124;3259;340
12354;-220;-206;4108;3263;344
12364;-212;-182;4082;3267;364
12374;-220;-180;4096;3263;336
12384;-210;-206;4116;3263;324
12394;-220;-188;4104;3263;357
12404;-216;-190;4144;3263;365
12414;-196;-192;4096;3255;338
12424;-220;-186;4100;3255;384
12434;-220;-194;4134;3263;370
12444;-214;-180;4104;3263;330
12454;-226;-186;4114;3263;357
12464;-208;-176;4096;3263;366
12474;-222;-188;4094;3259;361
12484;-232;-202;4128;3251;340
12494;-232;-188;4096;3255;334
12504;-238;-212;4112;3255;400
12514;-228;-174;4086;3259;330
12524;-224;-204;4108;3255;360
12534;-224;-188;4110;3263;342
12544;-236;-210;4106;3262;336
12554;-240;-198;4110;3259;336
12564;-220;-194;4114;3251;356
12574;-236;-192;4118;3267;356
12584;-230;-192;4126;3261;353
12594;-230;-174;4126;3259;320
12604;-226;-180;4128;3263;340
12614;-240;-188;4104;3263;352
12624;-230;-214;4114;3263;370
12634;-220;-198;4116;3251;380
12644;-220;-188;4116;3259;385
12654;-226;-192;4110;3251;336
12664;-214;-178;4116;3263;342
12674;-218;-180;4122;3259;368
12684;-222;-184;4106;3263;336
12694;-212;-188;4130;3251;362
12704;-222;-200;4108;3255;368
12714;-222;-196;4130;3259;354
12724;-206;-188;4140;3259;352
12734;-220;-190;4120;3263;336
12744;-216;-194;4108;3261;366
12754;-210;-198;4118;3259;368
12764;-210;-198;4108;3261;352
12774;-220;-196;4102;3263;352
12784;-216;-182;4088;3263;368
12794;-220;-202;4122;3255;363
12804;-234;-206;4134;3271;356
12814;-220;-206;4122;3267;321
12824;-232;-212;4086;3263;332
12834;-214;-190;4100;3263;373
12844;-226;-194;4124;3263;328
12854;-232;-198;4104;3254;330
12864;-220;-194;4114;3263;368
12874;-236;-188;4102;3253;355
12884;-246;-194;4130;3263;348
12894;-240;-184;4100;3255;354
12904;-236;-202;4094;3255;368
12914;-246;-198;4104;3263;328
12924;-226;-198;4092;3263;323
12934;-222;-220;4100;3259;320
12944;-222;-194;4118;3255;368
12954;-236;-192;4088;3263;338
12964;-216;-204;4098;3261;368
12974;-216;-192;4130;3262;365
12984;-224;-212;4114;3263;328
12994;-236;-186;4100;3251;368
13004;-226;-182;4108;3255;338
13014;-228;-186;4166;3263;348
13024;-214;-198;4100;3255;360
13034;-224;-184;4098;3259;374
13044;-214;-178;4128;3263;365
13054;-214;-202;4108;3255;370
13064;-222;-178;4090;3263;336
13074;-222;-202;4138;3259;362
13084;-218;-196;4132;3263;336
13094;-212;-178;4094;3271;346
13104;-220;-194;4114;3259;340
13114;-216;-196;4102;3259;352
13124;-214;-190;4102;3263;345
13134;-236;-190;4110;3261;353
13144;-218;-212;4132;3253;356
13154;-236;-202;4118;3263;380
13164;-228;-188;4092;3262;385
13174;-228;-190;4090;3255;368
13184;-222;-204;4104;3259;316
13194;-224;-202;4106;3255;371
13204;-230;-196;4108;3255;350
13214;-232;-202;4104;3255;368
13224;-234;-208;4124;3263;364
13234;-220;-190;4126;3261;341
13244;-230;-208;4120;3263;352
13254;-236;-184;4100;3259;352
13264;-232;-190;4102;3262;361
13274;-226;-188;4106;3271;385
13284;-230;-208;4096;3251;352
13294;-224;-202;4094;3259;345
13304;-216;-178;4096;3263;354
13314;-228;-182;4086;3259;352
13324;-228;-194;4106;3263;369
13334;-240;-190;4116;3259;349
13344;-224;-192;4094;3263;349
13354;-212;-192;4122;3262;345
13364;-230;-198;4112;3259;368
13374;-204;-210;4128;3261;378
13384;-220;-204;4100;3255;369
13394;-222;-194;4088;3263;344
13404;-206;-204;4122;3263;336
13414;-214;-200;4102;3261;384
13424;-216;-210;4142;3254;336
13434;-218;-202;4114;3263;337
13444;-210;-198;4104;3259;344
13454;-218;-198;4116;3259;384
13464;-210;-210;4110;3259;364
13474;-226;-194;4106;3263;352
13484;-212;-176;4100;3263;340
13494;-220;-200;4096;3263;346
13504;-226;-196;4086;3255;336
13514;-226;-192;4114;3255;354
13524;-234;-174;4104;3263;368
13534;-230;-198;4106;3263;337
13544;-216;-190;4110;3251;346
13554;-248;-188;4102;3271;352
13564;-228;-206;4114;3261;356
13574;-228;-196;4114;3259;369
13584;-226;-190;4116;3259;336
13594;-232;-188;4114;3253;356
13604;-236;-212;4088;3249;368
13614;-226;-198;4092;3263;313
13624;-224;-174;4110;3263;338
13634;-218;-186;4118;3259;347
13644;-232;-200;4114;3254;354
13654;-222;-196;4112;3246;386
13664;-210;-190;4098;3255;340
13674;-220;-190;4102;3262;340
13684;-216;-208;4118;3263;377
13694;-218;-206;4118;3263;376
13704;-210;-204;4084;3259;336
13714;-218;-204;4080;3263;360
13724;-216;-178;4136;3263;368
13734;-212;-192;4116;3263;347
13744;-224;-200;4114;3255;356
13754;-212;-182;4110;3263;336
13764;-234;-204;4122;3251;360
13774;-208;-192;4118;3259;336
13784;-220;-178;4114;3267;330
13794;-210;-206;4112;3263;356
13804;-210;-180;4138;3263;352
13814;-226;-200;4114;3259;378
13824;-226;-206;4128;3267;348
13834;-218;-210;4110;3251;372
13844;-236;-206;4102;3255;332
13854;-222;-206;4096;3263;384
13864;-228;-194;4084;3255;340
13874;-234;-198;4112;3263;356
13884;-232;-194;3984;3263;334
13894;-228;-202;4126;3255;369
13904;-224;-194;4104;3255;357
13914;-260;-192;4140;3275;329
13924;-246;-200;4104;3253;362
13934;-244;-184;4094;3251;350
13944;-242;-184;4114;3255;368
13954;-240;-170;4116;3261;346
13964;-220;-180;4118;3259;346
13974;-234;-184;4132;3263;370
13984;-214;-172;4110;3269;328
13994;-224;-196;4126;3263;362
14004;-224;-196;4084;3263;353
14014;-226;-188;4098;3267;330
14024;-220;-200;4126;3253;352
14034;-224;-202;4118;3261;355
14044;-222;-202;4126;3259;332
14054;-236;-206;4100;3261;354
14064;-214;-188;4102;3255;348
14074;-224;-180;4106;3263;340
14084;-212;-176;4134;3270;368
14094;-218;-194;4110;3263;346
14104;-212;-180;4128;3263;342
14114;-216;-202;4102;3259;344
14124;-224;-178;4096;3259;358
14134;-210;-184;4114;3255;346
14144;-212;-196;4102;3261;372
14154;-222;-188;4110;3259;356
14164;-210;-204;4114;3255;361
14174;-232;-212;4102;3263;330
14184;-228;-200;4108;3259;373
14194;-220;-186;4112;3267;384
14204;-232;-204;4116;3255;377
14214;-226;-206;4118;3263;336
14224;-232;-176;4110;3263;341
14234;-252;-222;4106;3263;388
14244;-224;-194;4032;3255;368
14254;-220;-206;4114;3255;342
14264;-238;-190;4102;3255;341
14274;-234;-192;4122;3262;373
14284;-238;-210;4098;3263;352
14294;-224;-174;4126;3263;353
14304;-226;-174;4118;3263;368
14314;-236;-206;4106;3263;344
14324;-224;-190;4104;3259;336
14334;-226;-184;4086;3259;376
14344;-236;-170;4096;3255;337
14354;-226;-186;4118;3255;324
14364;-226;-208;4106;3251;372
14374;-224;-178;4110;3267;366
14384;-226;-198;4130;3259;347
14394;-230;-194;4130;3259;338
14404;-216;-196;4100;3259;336
14414;-214;-204;4130;3263;368
14424;-206;-202;4100;3251;370
14434;-206;-182;4118;3263;346
14444;-210;-212;4112;3263;352
14454;-206;-210;4088;3259;342
14464;-216;-190;4104;3269;379
14474;-214;-208;4122;3255;336
14484;-212;-218;4106;3263;324
14494;-200;-200;4110;3263;369
14504;-212;-202;4164;3255;366
14514;-224;-172;4122;3261;356
14524;-230;-180;4110;3259;369
14534;-232;-184;4098;3255;320
14544;-238;-198;4092;3249;369
14554;-234;-200;4098;3255;346
14564;-228;-172;4106;3251;354
14574;-224;-176;4112;3263;330
14584;-232;-182;4130;3249;373
14594;-252;-204;4114;3251;322
14604;-230;-196;4096;3254;362
14614;-244;-194;4078;3263;356
14624;-228;-194;4104;3263;324
14634;-246;-202;4094;3261;340
14644;-236;-208;4152;3263;352
14654;-232;-194;4112;3255;337
14664;-224;-200;4124;3259;340
14674;-230;-208;4136;3263;365
14684;-220;-198;4116;3263;355
14694;-230;-194;4120;3263;346
14704;-212;-180;4136;3255;368
14714;-220;-178;4084;3259;346
14724;-210;-182;4018;3255;368
14734;-230;-200;4124;3259;400
14744;-214;-194;4096;3259;326
14754;-222;-202;4098;3263;368
14764;-206;-190;4110;3263;358
14774;-204;-198;4102;3255;358
14784;-216;-184;4118;3259;364
14794;-212;-194;4100;3263;353
14804;-220;-204;4110;3261;332
14814;-208;-184;4116;3255;304
14824;-218;-172;4120;3253;352
14834;-222;-204;4132;3263;357
14844;-210;-208;4126;3263;368
14854;-220;-208;4104;3261;359
14864;-216;-186;4114;3255;356
14874;-228;-202;4080;3279;384
14884;-228;-206;4108;3253;346
14894;-224;-208;4116;3259;374
14904;-246;-204;4090;3259;384
14914;-234;-190;4106;3262;320
14924;-232;-188;4118;3263;354
14934;-224;-200;4128;3259;330
14944;-238;-196;4102;3263;384
14954;-242;-182;4112;3263;356
14964;-234;-202;4106;3263;373
14974;-242;-200;4108;3263;368
14984;-234;-190;4104;3263;336
14994;-236;-170;4124;3262;379
15004;-222;-200;4076;3263;338
15014;-222;-184;4104;3263;377
15024;-226;-182;4118;3257;368
15034;-226;-176;4118;3259;339
15044;-220;-198;4112;3259;320
15054;-206;-194;4094;3267;352
15064;-216;-208;4116;3263;328
15074;-196;-194;4138;3259;358
15084;-214;-192;4108;3263;362
15094;-208;-192;4100;3263;332
15104;-212;-180;4102;3263;345
15114;-216;-208;4106;3255;328
15124;-228;-198;4102;3261;329
15134;-200;-178;4100;3255;332
15144;-202;-194;4120;3267;330
15154;-200;-198;4136;3263;384
15164;-214;-200;4140;3255;384
15174;-222;-174;4110;3255;335
15184;-198;-208;4128;3263;336
15194;-232;-184;4088;3267;336
15204;-224;-194;4108;3259;370
15214;-228;-180;4106;3259;349
15224;-230;-190;4092;3261;352
15234;-236;-168;4116;3263;368
15244;-238;-208;4098;3255;352
15254;-240;-200;4134;3259;342
15264;-244;-182;4102;3259;348
15274;-222;-174;4104;3281;362
15284;-232;-198;4106;3262;338
15294;-216;-202;4108;3263;360
15304;-236;-204;4118;3263;362
15314;-236;-194;4108;3259;384
15324;-228;-198;4102;3255;393
15334;-228;-202;4086;3255;360
15344;-234;-196;4092;3259;368
15354;-208;-186;4120;3261;384
15364;-226;-196;4110;3255;384
15374;-218;-190;4094;3263;342
15384;-228;-184;4096;3262;356
15394;-218;-194;4124;3263;320
15404;-220;-188;4124;3263;341
15414;-212;-172;4086;3263;357
15424;-220;-192;4122;3263;384
15434;-228;-190;4094;3259;332
15444;-216;-202;4088;3259;363
15454;-214;-204;4082;3255;352
15464;-222;-174;4130;3263;352
15474;-220;-196;4132;3255;362
15484;-214;-180;4120;3255;369
15494;-216;-202;4104;3263;373
15504;-210;-200;4122;3247;340
15514;-200;-208;4134;3263;368
15524;-220;-192;4100;3255;344
15534;-222;-204;4126;3262;400
15544;-216;-196;4098;3254;354
15554;-224;-190;4112;3263;366
15564;-222;-194;4140;3263;368
15574;-236;-188;4116;3255;348
15584;-238;-188;4120;3259;365
15594;-238;-198;4148;3261;368
15604;-234;-184;4124;3259;336
15614;-234;-180;4124;3259;336
15624;-242;-208;4120;3263;374
15634;-222;-182;4114;3263;354
15644;-234;-196;4116;3255;352
15654;-234;-188;4098;3267;372
15664;-236;-190;4142;3255;371
15674;-232;-208;4100;3263;366
15684;-218;-180;4118;3275;353
15694;-230;-184;4116;3259;344
15704;-220;-194;4142;3253;368
15714;-218;-180;4110;3259;326
15724;-220;-184;4110;3263;340
15734;-206;-198;4128;3267;366
15744;-218;-186;4114;3259;336
15754;-216;-184;4136;3259;330
15764;-222;-180;4104;3263;364
15774;-214;-192;4114;3263;341
15784;-218;-192;4124;3263;328
15794;-224;-196;4124;3259;353
15804;-220;-202;4102;3259;349
15814;-200;-178;4118;3263;395
15824;-224;-180;4100;3263;346
15834;-218;-196;4150;3263;352
15844;-222;-200;4114;3263;340
15854;-224;-188;4106;3259;362
15864;-230;-188;4116;3255;360
15874;-216;-178;4118;3259;334
15884;-228;-174;4120;3263;339
15894;-224;-186;4108;3259;337
15904;-216;-194;4120;3263;348
15914;-222;-186;4102;3259;326
15924;-228;-190;4112;3259;376
15934;-232;-202;4112;3255;352
15944;-224;-198;4110;3255;384
15954;-234;-194;4116;3255;368
15964;-238;-194;4118;3263;345
15974;-236;-222;4106;3263;369
15984;-240;-182;4114;3263;321
15994;-238;-192;4116;3261;340
16004;-234;-190;4102;3263;353
16014;-226;-174;4118;3259;336
16024;-230;-192;4100;3263;360
16034;-226;-202;4122;3263;320
16044;-220;-208;4134;3255;320
16054;-226;-214;4120;3255;352
16064;-226;-182;4120;3263;338
16074;-214;-188;4102;3263;368
16084;-222;-200;4114;3263;340
16094;-218;-198;4108;3259;368
16104;-210;-184;4102;3259;352
16114;-200;-182;4114;3259;384
16124;-220;-194;4080;3263;352
16134;-216;-208;4128;3253;348
16144;-220;-208;4080;3261;379
16154;-214;-208;4118;3263;364
16164;-228;-204;4136;3259;360
16174;-214;-192;4140;3263;372
16184;-222;-192;4118;3255;352
16194;-222;-206;4106;3263;344
16204;-218;-198;4108;3251;368
16214;-220;-204;4122;3251;355
16224;-224;-180;4094;3251;345
16234;-218;-186;4108;3255;341
16244;-230;-182;4140;3251;352
16254;-226;-204;4098;3263;375
16264;-236;-198;4096;3259;336
16274;-236;-206;4096;3255;366
16284;-230;-206;4114;3263;345
16294;-232;-190;4104;3262;364
16304;-228;-192;4104;3249;354
16314;-228;-190;4114;3239;338
16324;-236;-176;4108;3249;320
16334;-228;-192;4112;3255;354
16344;-220;-200;4092;3263;355
16354;-244;-176;4108;3255;340
16364;-230;-188;4128;3263;344
16374;-236;-200;4100;3263;352
16384;-212;-208;4102;3251;373
16394;-228;-212;4112;3259;337
16404;-216;-204;4122;3263;371
16414;-214;-178;4156;3259;326
16424;-218;-202;4096;3262;379
16434;-224;-194;4106;3259;384
16444;-224;-190;4112;3259;378
16454;-208;-192;4110;3255;364
16464;-206;-176;4112;3255;332
16474;-214;-200;4120;3259;352
16484;-196;-176;4106;3255;346
16494;-222;-182;4100;3263;334
16504;-220;-210;4132;3259;336
16514;-226;-198;4096;3263;354
16524;-210;-176;4094;3263;370
16534;-224;-210;4116;3263;378
16544;-232;-176;4118;3263;384
16554;-230;-202;4102;3263;341
16564;-220;-200;4118;3269;336
16574;-226;-202;4110;3259;320
16584;-226;-194;4104;3259;369
16594;-250;-202;4098;3259;340
16604;-220;-204;4112;3250;320
16614;-222;-206;4124;3263;336
16624;-220;-194;4118;3259;346
16634;-236;-200;4096;3263;369
16644;-224;-188;4136;3251;348
16654;-230;-196;4094;3251;346
16664;-246;-178;4112;3261;365
16674;-242;-208;4116;3255;366
16684;-236;-200;4108;3259;331
16694;-224;-208;4110;3255;372
16704;-224;-210;4122;3255;346
16714;-240;-206;4106;3255;357
16724;-214;-190;4092;3263;357
16734;-216;-172;4096;3255;332
16744;-224;-182;4134;3255;372
16754;-220;-178;4112;3249;362
16764;-232;-202;4116;3259;336
16774;-208;-198;4130;3255;342
16784;-210;-210;4108;3263;361
16794;-216;-202;4114;3263;322
16804;-220;-194;4128;3259;371
16814;-212;-188;4132;3261;344
16824;-222;-194;4108;3263;322
16834;-234;-200;4098;3255;357
16844;-214;-202;4102;3263;356
16854;-220;-200;4126;3254;344
16864;-214;-190;4090;3263;322
16874;-220;-210;4122;3263;320
16884;-218;-194;4150;3263;364
16894;-228;-194;4124;3262;321
16904;-228;-198;4074;3259;360
16914;-224;-194;4126;3263;336
16924;-214;-188;4100;3263;358
16934;-224;-188;4126;3248;354
16944;-230;-192;4110;3263;322
16954;-230;-176;4116;3255;346
16964;-234;-188;4112;3261;324
16974;-224;-206;4102;3255;332
16984;-232;-190;4138;3261;376
16994;-236;-202;4118;3263;372
17004;-226;-202;4122;3261;354
17014;-238;-176;4096;3255;346
17024;-232;-186;4112;3255;350
17034;-218;-190;4128;3263;328
17044;-218;-190;4114;3259;368
17054;-218;-192;4132;3259;336
17064;-224;-200;4114;3263;336
17074;-220;-172;4120;3261;359
17084;-230;-194;4116;3253;374
17094;-222;-178;4094;3255;374
17104;-222;-186;4132;3263;353
17114;-232;-206;4146;3263;334
17124;-214;-192;4098;3261;321
17134;-208;-192;4094;3255;342
17144;-224;-198;4102;3255;333
17154;-214;-194;4096;3259;340
17164;-214;-190;4112;3267;333
17174;-202;-182;4090;3263;338
17184;-222;-184;4098;3253;344
17194;-196;-198;4128;3255;361
17204;-206;-192;4124;3258;360
17214;-226;-188;4104;3255;333
17224;-226;-194;4124;3262;363
17234;-220;-182;4158;3263;330
17244;-236;-198;4128;3255;338
17254;-222;-200;4094;3255;333
17264;-216;-192;4086;3259;368
17274;-236;-198;4110;3259;338
17284;-240;-176;4108;3262;329
17294;-226;-182;4122;3259;336
17304;-226;-180;4106;3253;324
17314;-234;-184;4108;3259;324
17324;-230;-188;4122;3263;354
17334;-226;-200;4104;3255;352
17344;-226;-178;4116;3263;358
17354;-232;-174;4128;3259;346
17364;-230;-176;4102;3254;368
17374;-224;-196;4098;3255;372
17384;-234;-204;4110;3263;359
17394;-216;-188;4116;3263;365
17404;-228;-204;4104;3259;354
17414;-232;-198;4116;3261;360
17424;-228;-182;4110;3255;370
17434;-218;-176;4114;3259;341
17444;-226;-196;4106;3263;380
17454;-218;-202;4106;3254;374
17464;-222;-194;4114;3247;342
17474;-218;-184;4112;3255;384
17484;-216;-202;4106;3255;346
17494;-222;-210;4102;3263;364
17504;-212;-184;4114;3255;358
17514;-220;-198;4102;3267;345
17524;-212;-184;4104;3263;347
17534;-250;-202;4100;3267;373
17544;-224;-182;4118;3255;326
17554;-216;-178;4148;3263;364
17564;-226;-192;4104;3263;370
17574;-226;-204;4112;3255;380
17584;-230;-180;4132;3263;384
17594;-226;-196;4104;3263;324
17604;-226;-192;4154;3255;360
17614;-230;-198;4110;3261;336
17624;-220;-174;4110;3263;352
17634;-226;-200;4126;3255;360
17644;-224;-190;4080;3255;362
17654;-220;-186;4132;3253;352
17664;-244;-194;4108;3263;320
17674;-210;-194;3982;3263;368
17684;-228;-188;4128;3259;356
17694;-230;-182;4112;3263;373
17704;-222;-186;4108;3255;322
17714;-232;-200;4106;3259;336
17724;-222;-188;4096;3263;342
17734;-216;-200;4116;3259;326
17744;-224;-180;4130;3263;348
17754;-230;-196;4096;3262;352
17764;-222;-204;4134;3254;386
17774;-220;-182;4118;3253;362
17784;-212;-184;4102;3263;368
17794;-222;-198;4116;3262;322
17804;-214;-182;4122;3253;336
17814;-216;-200;4112;3263;341
17824;-216;-194;4092;3255;332
17834;-196;-194;4110;3267;322
17844;-232;-204;4106;3267;357
17854;-214;-194;4114;3263;372
17864;-222;-202;4118;3255;368
17874;-224;-204;4100;3263;323
17884;-218;-200;4114;3263;326
17894;-212;-172;4122;3263;365
17904;-230;-196;4092;3263;328
17914;-228;-188;4124;3255;332
17924;-214;-186;4108;3259;325
17934;-228;-190;4096;3263;323
17944;-218;-176;4126;3255;338
17954;-236;-188;4102;3255;341
17964;-236;-176;4104;3253;340
17974;-226;-202;4098;3254;389
17984;-222;-192;4108;3247;377
17994;-238;-170;4120;3251;352
18004;-222;-208;4146;3255;384
18014;-216;-190;4104;3269;352
18024;-240;-186;4106;3262;353
18034;-236;-194;4100;3263;336
18044;-218;-180;4104;3255;341
18054;-224;-180;4114;3255;345
18064;-236;-166;4106;3253;336
18074;-208;-192;4120;3255;308
18084;-210;-190;4096;3255;353
18094;-226;-194;4156;3263;346
18104;-226;-202;4112;3253;336
18114;-230;-182;4110;3263;336
18124;-220;-208;4106;3254;321
18134;-222;-204;4112;3263;354
18144;-232;-208;4100;3280;338
18154;-224;-180;4102;3259;360
18164;-222;-178;4100;3263;332
18174;-210;-204;4108;3263;344
18184;-228;-178;4152;3255;336
18194;-216;-208;4122;3255;339
18204;-230;-182;4090;3255;341
18214;-232;-192;4130;3279;389
18224;-226;-194;4112;3253;336
18234;-226;-182;4114;3262;368
18244;-220;-174;4094;3267;352
18254;-220;-198;4110;3259;364
18264;-234;-206;4112;3263;323
18274;-226;-218;4098;3263;384
18284;-238;-204;4142;3251;352
18294;-226;-222;4108;3259;321
18304;-216;-178;4108;3263;361
18314;-226;-224;4098;3253;344
18324;-230;-188;4094;3255;322
18334;-230;-212;4104;3262;322
18344;-232;-208;4104;3263;331
18354;-230;-182;4102;3261;344
18364;-236;-194;4108;3259;373
18374;-228;-192;4134;3263;348
18384;-222;-214;4110;3263;342
18394;-218;-194;4112;3263;368
18404;-228;-174;4138;3255;384
18414;-220;-182;4142;3261;352
18424;-226;-208;4116;3263;342
18434;-222;-178;4142;3263;345
18444;-216;-186;4098;3263;352
18454;-228;-180;4116;3259;368
18464;-234;-174;4126;3259;368
18474;-210;-198;4132;3255;336
18484;-232;-202;4106;3255;354
18494;-216;-178;4112;3259;344
18504;-226;-206;4112;3263;373
18514;-222;-196;4098;3261;342
18524;-220;-208;4124;3255;342
18534;-218;-198;4098;3261;358
18544;-224;-204;4106;3259;368
18554;-226;-176;4120;3259;344
18564;-210;-188;4106;3251;340
18574;-208;-190;4132;3254;346
18584;-214;-186;4108;3259;370
18594;-216;-176;4104;3255;336
18604;-230;-206;4098;3255;332
18614;-226;-208;4122;3261;339
18624;-220;-170;4096;3275;354
18634;-218;-198;4124;3261;356
18644;-230;-198;4114;3255;332
18654;-238;-194;4110;3271;368
18664;-238;-180;4128;3259;324
18674;-234;-182;4110;3255;356
18684;-218;-178;4112;3247;324
18694;-224;-200;4120;3259;312
18704;-228;-190;4122;3255;336
18714;-214;-190;4096;3259;360
18724;-218;-178;4120;3253;372
18734;-234;-198;4106;3263;369
18744;-218;-216;4114;3263;356
18754;-212;-200;4112;3253;332
18764;-220;-184;4138;3251;370
18774;-224;-194;4098;3255;336
18784;-206;-194;4124;3259;336
18794;-226;-188;4098;3263;339
18804;-224;-196;4112;3263;365
18814;-210;-196;4094;3259;347
18824;-204;-184;4142;3254;372
18834;-224;-176;4104;3263;342
18844;-220;-200;4100;3255;366
18854;-206;-208;4118;3259;348
18864;-230;-190;4090;3255;342
18874;-234;-176;4124;3263;345
18884;-218;-182;4114;3263;352
18894;-220;-198;4116;3262;352
18904;-236;-190;4100;3259;352
18914;-204;-196;4104;3261;322
18924;-228;-176;4118;3261;378
18934;-228;-214;4132;3255;331
18944;-226;-216;4114;3259;362
18954;-222;-206;4108;3267;377
18964;-228;-190;4104;3263;330
18974;-232;-184;4134;3263;338
18984;-236;-192;4100;3251;364
18994;-230;-194;4116;3267;329
19004;-218;-188;4122;3263;369
19014;-220;-190;4110;3267;336
19024;-216;-182;4106;3263;366
19034;-234;-194;4110;3263;323
19044;-230;-200;4090;3259;332
19054;-228;-208;4106;3262;340
19064;-214;-196;4112;3259;323
19074;-220;-200;4138;3251;330
19084;-228;-184;4136;3255;314
19094;-202;-198;4106;3255;347
19104;-234;-188;4094;3263;352
19114;-214;-196;4076;3255;378
19124;-218;-198;4116;3259;373
19134;-220;-196;4110;3261;346
19144;-226;-192;4098;3263;344
19154;-222;-180;4122;3255;358
19164;-230;-180;4096;3253;368
19174;-222;-188;4060;3263;345
19184;-228;-192;4098;3255;357
19194;-220;-202;4088;3255;352
19204;-210;-198;3950;3259;348
19214;-214;-206;4114;3263;368
19224;-228;-192;4106;3255;346
19234;-224;-178;4124;3251;348
19244;-214;-212;4094;3263;342
19254;-216;-188;4106;3263;356
19264;-232;-184;4096;3263;328
19274;-224;-202;4114;3259;371
19284;-242;-188;4116;3263;330
19294;-232;-188;4072;3255;322
19304;-240;-186;4104;3259;336
19314;-218;-170;4112;3263;344
19324;-234;-196;4102;3263;342
19334;-230;-200;4106;3261;345
19344;-228;-192;4106;3263;338
19354;-222;-196;4130;3259;346
19364;-234;-202;4096;3263;342
19374;-242;-188;4118;3263;362
19384;-224;-192;4070;3255;320
19394;-224;-198;4112;3253;337
19404;-220;-210;4102;3255;331
19414;-224;-204;4098;3239;326
19424;-228;-184;4112;3255;355
19434;-222;-194;4098;3259;346
19444;-220;-198;4064;3251;356
19454;-224;-180;4128;3251;360
19464;-216;-186;4124;3263;358
19474;-222;-192;4114;3255;360
19484;-222;-188;4092;3268;324
19494;-218;-176;4100;3259;355
19504;-222;-180;4126;3259;333
19514;-210;-202;4104;3255;363
19524;-222;-204;4110;3271;332
19534;-222;-176;4120;3267;368
19544;-220;-188;4126;3262;322
19554;-212;-196;4094;3259;361
19564;-216;-208;4100;3263;346
19574;-224;-176;4110;3263;357
19584;-232;-204;4114;3271;332
19594;-234;-182;4118;3263;324
19604;-214;-190;4090;3263;320
19614;-220;-188;4138;3263;321
19624;-226;-202;4114;3261;330
19634;-224;-184;4090;3259;356
19644;-216;-194;4132;3263;336
19654;-226;-176;4114;3254;362
19664;-230;-202;4096;3263;348
19674;-218;-214;4114;3263;322
19684;-228;-220;4086;3259;362
19694;-218;-204;4106;3263;320
19704;-236;-176;4116;3259;336
19714;-234;-188;4104;3255;368
19724;-234;-194;4096;3263;364
19734;-224;-188;4100;3263;320
19744;-234;-210;4110;3263;320
19754;-222;-194;4102;3263;368
19764;-232;-208;4116;3255;368
19774;-220;-196;4108;3251;320
19784;-230;-186;4100;3261;336
19794;-214;-190;4108;3263;313
19804;-226;-182;4104;3263;350
19814;-222;-196;4128;3263;358
19824;-224;-178;4094;3258;352
19834;-220;-198;4130;3263;342
19844;-216;-206;4112;3261;386
19854;-228;-182;4110;3255;332
19864;-210;-204;4112;3259;358
19874;-220;-204;4112;3267;322
19884;-216;-174;4110;3254;356
19894;-238;-180;4126;3279;357
19904;-216;-190;4124;3263;332
19914;-220;-190;4114;3255;320
19924;-230;-196;4112;3255;378
19934;-222;-200;4124;3263;368
19944;-228;-184;4122;3255;360
19954;-238;-190;4098;3248;336
19964;-220;-198;4110;3255;320
19974;-232;-204;4124;3259;374
19984;-234;-192;4104;3263;338
19994;-222;-206;4094;3255;336
20004;-218;-202;4112;3259;368
20014;-222;-206;4112;3263;368
20024;-232;-210;4102;3253;320
20034;-242;-190;4130;3255;336
20044;-232;-196;4106;3248;344
20054;-228;-184;4124;3263;336
20064;-242;-202;4116;3255;356
20074;-244;-180;4120;3261;320
20084;-216;-200;4110;3263;368
20094;-226;-184;4112;3263;336
20104;-218;-172;4132;3263;330
20114;-224;-204;4124;3255;373
20124;-232;-210;4114;3267;357
20134;-218;-206;4038;3259;320
20144;-220;-188;4092;3248;353
20154;-226;-198;4122;3263;348
20164;-228;-196;4142;3263;362
20174;-218;-192;4092;3255;368
20184;-230;-196;4112;3255;334
20194;-218;-194;4138;3251;344
20204;-224;-194;4104;3251;377
20214;-216;-192;4132;3259;360
20224;-218;-208;4116;3262;339
20234;-208;-192;4118;3263;331
20244;-218;-188;4104;3259;340
20254;-220;-202;4112;3261;336
20264;-234;-198;4120;3263;368
20274;-242;-196;4094;3251;352
20284;-218;-188;4140;3263;349
20294;-226;-218;4116;3259;309
20304;-236;-208;4064;3255;370
20314;-214;-194;4126;3250;336
20324;-230;-182;4100;3255;368
20334;-236;-178;4146;3258;370
20344;-232;-196;4114;3253;353
20354;-234;-200;4106;3253;352
20364;-218;-180;4110;3263;333
20374;-224;-196;4106;3263;374
20384;-220;-210;4096;3261;353
20394;-230;-192;4118;3253;342
20404;-214;-202;4146;3259;338
20414;-234;-220;4104;3255;336
20424;-240;-186;4108;3259;349
20434;-228;-202;4100;3261;316
20444;-228;-206;4128;3263;385
20454;-212;-198;4128;3267;372
20464;-224;-188;4104;3253;328
20474;-222;-202;4110;3261;362
20484;-200;-194;4090;3262;356
20494;-198;-204;4078;3263;336
20504;-218;-190;4134;3263;352
20514;-220;-210;4124;3255;316
20524;-216;-190;4110;3251;366
20534;-216;-200;4126;3255;368
20544;-226;-212;4096;3275;358
20554;-218;-192;4096;3251;321
20564;-222;-196;4098;3262;355
20574;-224;-180;4116;3263;344
20584;-218;-180;4106;3254;338
20594;-222;-178;4122;3259;336
20604;-222;-222;4102;3249;320
20614;-230;-202;4092;3255;328
20624;-228;-196;4106;3263;352
20634;-234;-194;4096;3249;376
20644;-232;-202;4090;3255;358
20654;-232;-206;4098;3263;364
20664;-222;-198;4134;3254;322
20674;-224;-190;4128;3263;336
20684;-220;-194;4106;3263;354
20694;-234;-192;4114;3259;330
20704;-228;-216;4096;3261;360
20714;-234;-182;4102;3271;360
20724;-224;-198;4112;3269;356
20734;-238;-214;4108;3255;342
20744;-218;-184;4114;3259;363
20754;-234;-198;4126;3259;322
20764;-236;-180;4152;3263;352
20774;-224;-194;4114;3263;328
20784;-216;-210;4104;3263;360
20794;-220;-190;4114;3271;336
20804;-218;-210;4108;3263;320
20814;-220;-208;4122;3259;316
20824;-228;-166;4104;3259;324
20834;-210;-200;4110;3263;374
20844;-208;-200;4104;3255;308
20854;-220;-194;4092;3259;363
20864;-226;-190;4134;3263;368
20874;-208;-192;4138;3259;355
20884;-222;-200;4118;3263;357
20894;-206;-210;4104;3253;354
20904;-226;-206;4092;3267;368
20914;-220;-202;4118;3259;352
20924;-212;-190;4100;3262;348
20934;-214;-202;4112;3259;352
20944;-218;-176;4104;3263;368
20954;-228;-174;4106;3253;368
20964;-220;-188;4116;3269;320
20974;-230;-192;4130;3263;354
20984;-228;-194;4104;3263;347
20994;-220;-188;4122;3263;357
21004;-224;-184;4102;3263;328
21014;-220;-188;4124;3263;338
21024;-234;-192;4100;3263;352
21034;-220;-196;4100;3263;333
21044;-226;-194;4124;3263;338
21054;-222;-204;4090;3259;365
21064;-230;-186;4106;3255;329
21074;-218;-200;4136;3263;353
21084;-224;-192;4094;3263;376
21094;-220;-198;4114;3255;336
21104;-220;-174;4132;3261;368
21114;-216;-182;4138;3262;362
21124;-230;-176;4118;3261;330
21134;-216;-198;4082;3261;356
21144;-218;-186;4128;3261;340
21154;-220;-188;4120;3255;314
21164;-210;-186;4110;3259;341
21174;-228;-182;4132;3255;356
21184;-226;-186;4158;3271;320
21194;-216;-186;4092;3261;352
21204;-234;-192;4096;3259;331
21214;-214;-180;4094;3263;354
21224;-226;-204;4120;3263;360
21234;-224;-194;4094;3259;349
21244;-230;-188;4128;3263;352
21254;-220;-206;4124;3263;355
21264;-222;-178;4096;3263;334
21274;-210;-174;4098;3255;328
21284;-226;-190;4126;3263;325
21294;-228;-178;4134;3263;322
21304;-228;-198;4126;3259;312
21314;-228;-210;4116;3249;361
21324;-232;-210;4128;3261;322
21334;-228;-196;4116;3261;368
21344;-222;-174;4110;3259;377
21354;-230;-210;4132;3263;346
21364;-224;-212;4124;3275;352
21374;-242;-210;4092;3263;336
21384;-228;-196;4154;3267;368
21394;-224;-180;4122;3255;347
21404;-222;-194;4114;3263;340
21414;-238;-196;4122;3259;361
21424;-230;-210;4114;3263;322
21434;-222;-200;4116;3251;336
21444;-228;-200;4146;3263;334
21454;-234;-198;4104;3259;357
21464;-228;-194;4116;3263;352
21474;-218;-190;4122;3275;300
21484;-218;-190;4116;3263;348
21494;-212;-212;4120;3255;330
21504;-226;-192;4134;3259;350
21514;-210;-208;4110;3263;352
21524;-214;-188;4090;3263;352
21534;-206;-200;4134;3263;362
21544;-230;-202;4108;3255;332
21554;-220;-182;4116;3263;332
21564;-222;-188;4124;3253;357
21574;-218;-196;4108;3263;326
21584;-206;-198;4110;3255;353
21594;-222;-192;4132;3255;332
21604;-218;-188;4080;3263;354
21614;-226;-206;4106;3267;368
21624;-222;-168;4128;3263;337
21634;-230;-176;4096;3261;329
21644;-228;-196;4112;3263;352
21654;-246;-196;4100;3263;353
21664;-220;-184;4090;3255;336
21674;-230;-200;4086;3255;356
21684;-216;-190;4104;3253;347
21694;-246;-180;4090;3259;368
21704;-236;-204;4096;3255;320
21714;-224;-220;4092;3283;336
21724;-216;-186;4108;3263;368
21734;-230;-192;4110;3271;352
21744;-236;-196;4102;3261;363
21754;-224;-180;4090;3255;338
21764;-234;-184;4098;3263;368
21774;-238;-204;4110;3263;332
21784;-210;-188;4150;3255;336
21794;-224;-184;4138;3263;330
21804;-224;-184;4104;3263;362
21814;-228;-204;4116;3263;345
21824;-216;-214;4088;3263;353
21834;-218;-178;4130;3251;325
21844;-214;-190;4130;3255;386
21854;-222;-228;4114;3259;347
21864;-226;-206;4160;3251;362
21874;-218;-186;4126;3261;364
21884;-218;-192;4094;3263;368
21894;-206;-208;4120;3255;360
21904;-240;-194;4094;3263;316
21914;-224;-180;4094;3263;336
21924;-228;-204;4112;3263;336
21934;-220;-200;4120;3263;337
21944;-218;-194;4090;3251;344
21954;-222;-190;4120;3263;384
21964;-230;-202;4112;3279;353
21974;-230;-186;4102;3259;346
21984;-224;-180;4088;3263;332
21994;-230;-178;4130;3263;342
22004;-238;-196;4122;3259;324
22014;-240;-176;4088;3267;327
22024;-230;-188;4134;3262;336
22034;-236;-208;4112;3255;368
22044;-222;-198;4106;3259;368
22054;-232;-212;4138;3259;320
22064;-234;-188;4120;3263;336
22074;-232;-202;4102;3263;329
22084;-232;-196;4096;3263;336
22094;-216;-176;4106;3263;345
22104;-216;-192;4124;3255;340
22114;-232;-196;4094;3267;356
22124;-226;-190;4114;3259;374
22134;-222;-190;4122;3263;324
22144;-224;-198;4146;3251;369
22154;-236;-202;4108;3263;354
22164;-220;-200;4114;3255;346
22174;-214;-188;4126;3259;345
22184;-226;-190;4100;3255;344
22194;-216;-198;4126;3263;336
22204;-210;-198;4120;3263;333
22214;-212;-190;4124;3259;336
22224;-212;-182;3934;3263;373
22234;-220;-180;4114;3261;350
22244;-222;-182;4118;3255;306
22254;-216;-192;4094;3255;345
22264;-218;-194;4132;3251;329
22274;-218;-198;4084;3263;311
22284;-232;-200;4092;3263;298
22294;-218;-196;4126;3263;331
22304;-230;-194;4136;3263;336
22314;-230;-202;4104;3263;352
22324;-224;-200;4124;3263;320
22334;-230;-206;4106;3263;387
22344;-236;-202;4114;3263;338
22354;-242;-210;4104;3263;384
22364;-222;-202;4118;3255;338
22374;-234;-198;4098;3271;324
22384;-250;-210;4112;3263;370
22394;-234;-174;4126;3263;376
22404;-222;-196;4088;3251;385
22414;-224;-186;4110;3263;368
22424;-220;-178;4118;3263;354
22434;-224;-174;4110;3263;364
22444;-222;-190;4094;3263;336
22454;-228;-170;4104;3263;365
22464;-220;-168;4126;3263;344
22474;-222;-182;4110;3249;336
22484;-226;-186;4112;3255;352
22494;-222;-188;4108;3263;368
22504;-224;-188;4118;3261;384
22514;-230;-192;4080;3263;356
22524;-216;-196;4120;3275;339
22534;-222;-204;4098;3259;355
22544;-218;-194;4124;3259;384
22554;-218;-166;4102;3263;336
22564;-222;-208;4116;3255;304
22574;-228;-188;4104;3255;336
22584;-220;-178;4156;3263;338
22594;-222;-204;4128;3263;360
22604;-240;-212;4130;3263;354
22614;-222;-168;4106;3263;324
22624;-220;-188;4110;3263;356
22634;-218;-188;4120;3253;336
22644;-218;-194;4110;3263;368
22654;-228;-186;4140;3259;348
22664;-212;-190;4100;3263;356
22674;-222;-208;4126;3261;338
22684;-222;-200;4108;3259;368
22694;-218;-210;4096;3259;362
22704;-224;-208;4124;3253;330
22714;-226;-194;4098;3259;306
22724;-220;-208;4118;3255;358
22734;-244;-184;4132;3259;338
22744;-220;-206;4142;3263;355
22754;-222;-198;4130;3259;346
22764;-230;-186;4104;3263;336
22774;-218;-194;4116;3263;357
22784;-226;-188;4098;3259;346
22794;-216;-204;4114;3255;349
22804;-216;-192;4108;3261;309
22814;-218;-192;4122;3263;359
22824;-218;-204;4122;3255;350
22834;-232;-204;4108;3259;345
22844;-222;-220;4106;3251;368
22854;-220;-186;4128;3255;361
22864;-212;-198;4114;3259;322
22874;-216;-178;4090;3255;340
22884;-220;-194;4114;3255;352
22894;-214;-182;4104;3259;310
22904;-218;-188;4118;3259;368
22914;-218;-192;4120;3263;348
22924;-212;-198;4114;3255;362
22934;-206;-196;4086;3251;336
22944;-222;-198;4090;3267;378
22954;-226;-210;4114;3253;356
22964;-222;-190;4122;3262;344
22974;-226;-200;4136;3263;310
22984;-222;-204;4096;3263;368
22994;-234;-200;4120;3259;320
23004;-230;-200;4112;3267;336
23014;-232;-190;4106;3255;390
23024;-212;-188;4136;3255;385
23034;-226;-190;4094;3263;386
23044;-210;-190;4098;3261;360
23054;-224;-194;4102;3263;320
23064;-242;-190;4134;3263;362
23074;-240;-202;4114;3263;350
23084;-232;-194;4100;3255;374
23094;-232;-178;4134;3263;356
23104;-228;-204;4158;3263;371
23114;-220;-196;4114;3262;362
23124;-220;-186;4136;3263;378
23134;-220;-194;4118;3263;344
23144;-224;-204;4110;3263;330
23154;-222;-206;4110;3262;330
23164;-226;-194;4124;3251;334
23174;-224;-200;4118;3263;353
23184;-214;-184;4110;3263;365
23194;-230;-188;4132;3259;338
23204;-216;-194;4110;3263;374
23214;-226;-190;4114;3263;360
23224;-220;-190;4104;3261;336
23234;-206;-186;4112;3253;352
23244;-216;-192;4112;3263;346
23254;-228;-204;4084;3251;343
23264;-220;-188;4120;3255;338
23274;-228;-204;4094;3255;337
23284;-222;-190;4106;3261;352
23294;-224;-182;4110;3263;364
23304;-228;-170;4102;3267;354
23314;-226;-186;4088;3263;368
23324;-232;-196;4110;3261;359
23334;-234;-212;4100;3254;342
23344;-218;-190;4136;3263;326
23354;-210;-188;4112;3261;337
23364;-222;-200;4122;3263;341
23374;-220;-176;4132;3263;368
23384;-236;-202;4100;3263;341
23394;-222;-192;4132;3259;344
23404;-236;-204;4136;3251;357
23414;-226;-188;4106;3263;361
23424;-232;-208;4108;3263;313
23434;-226;-192;4138;3267;368
23444;-220;-192;4108;3253;341
23454;-224;-184;4124;3259;352
23464;-218;-188;4108;3255;345
23474;-220;-198;4140;3259;352
23484;-212;-180;4094;3259;321
23494;-220;-210;4108;3263;324
23504;-210;-188;4110;3255;372
23514;-228;-186;4104;3258;346
23524;-214;-192;4108;3255;358
23534;-230;-192;4096;3263;330
23544;-224;-188;4102;3263;363
23554;-228;-192;4122;3259;344
23564;-212;-210;4102;3255;312
23574;-206;-192;4090;3255;352
23584;-208;-190;4088;3253;320
23594;-222;-202;4116;3255;352
23604;-216;-202;4110;3263;368
23614;-216;-188;4106;3255;328
23624;-224;-188;4114;3253;328
23634;-224;-198;4098;3259;369
23644;-226;-196;4126;3261;345
23654;-218;-194;4102;3251;341
23664;-234;-202;4100;3251;376
23674;-236;-200;4094;3263;336
23684;-220;-188;4114;3259;336
23694;-216;-190;4112;3263;340
23704;-228;-176;4114;3255;320
23714;-218;-198;4138;3259;340
23724;-228;-196;4110;3263;353
23734;-224;-188;4102;3255;356
23744;-222;-176;4104;3259;352
23754;-228;-194;4116;3255;356
23764;-224;-202;4092;3255;342
23774;-230;-202;4122;3263;342
23784;-236;-186;4104;3262;362
23794;-232;-194;4114;3263;361
23804;-234;-206;4108;3263;328
23814;-220;-182;4128;3271;336
23824;-220;-218;4084;3259;336
23834;-200;-202;4112;3269;341
23844;-208;-182;4140;3267;358
23854;-228;-190;4118;3255;369
23864;-222;-206;4100;3257;345
23874;-218;-208;4098;3267;321
23884;-202;-202;4114;3255;368
23894;-216;-210;4108;3263;354
23904;-208;-184;4104;3263;354
23914;-216;-182;4098;3263;377
23924;-216;-180;4104;3259;359
23934;-228;-198;4110;3267;358
23944;-216;-190;4138;3271;343
23954;-212;-196;4104;3263;353
23964;-226;-188;4108;3263;341
23974;-224;-168;4136;3267;357
23984;-220;-200;4094;3255;336
23994;-224;-190;4112;3263;344
24004;-226;-200;4096;3263;374
24014;-228;-196;4104;3263;329
24024;-232;-190;4116;3263;343
24034;-220;-200;4108;3261;329
24044;-226;-200;4118;3263;358
24054;-230;-196;4128;3255;362
24064;-222;-202;4098;3263;384
24074;-226;-178;4116;3263;337
24084;-236;-184;4148;3255;336
24094;-218;-214;4138;3263;336
24104;-238;-196;4102;3259;368
24114;-228;-184;4142;3251;330
24124;-232;-172;4106;3259;354
24134;-238;-190;4100;3259;352
24144;-218;-204;4112;3253;322
24154;-244;-198;4116;3251;352
24164;-218;-204;4112;3263;329
24174;-222;-190;4094;3262;332
24184;-220;-204;4098;3261;384
24194;-230;-206;4122;3255;336
24204;-222;-182;4104;3255;384
24214;-220;-184;4100;3254;364
24224;-224;-190;4090;3261;352
24234;-232;-190;4116;3263;368
24244;-208;-192;4112;3247;346
24254;-218;-212;4106;3267;354
24264;-224;-200;4104;3261;384
24274;-226;-184;4110;3263;368
24284;-226;-184;4124;3263;338
24294;-214;-168;4096;3263;368
24304;-232;-204;4106;3263;346
24314;-198;-206;4134;3259;384
24324;-222;-212;4098;3255;336
24334;-218;-208;4124;3247;329
24344;-222;-198;4104;3263;325
24354;-224;-176;4104;3259;342
24364;-220;-208;4108;3263;336
24374;-228;-212;4106;3263;348
24384;-232;-188;4088;3267;356
24394;-224;-196;4104;3255;384
24404;-240;-198;4136;3263;354
24414;-228;-202;4100;3249;352
24424;-228;-176;4104;3263;309
24434;-234;-204;4144;3248;365
24444;-232;-178;4088;3251;326
24454;-222;-186;4104;3259;353
24464;-222;-188;4116;3259;336
24474;-206;-208;4116;3254;368
24484;-226;-202;4122;3261;338
24494;-236;-172;4102;3259;322
24504;-226;-198;4102;3262;385
24514;-228;-188;4112;3263;337
24524;-224;-210;4132;3255;324
24534;-214;-192;4106;3255;352
24544;-220;-182;4142;3263;368
24554;-210;-208;4112;3261;326
24564;-230;-206;4132;3251;362
24574;-214;-186;4120;3259;353
24584;-208;-196;4142;3263;364
24594;-218;-190;4128;3263;344
24604;-216;-164;4108;3261;370
24614;-216;-184;4110;3253;365
24624;-214;-174;4098;3263;364
24634;-230;-186;4122;3263;360
24644;-212;-190;4092;3262;330
24654;-198;-190;4154;3263;357
24664;-234;-182;4100;3263;387
24674;-220;-180;4098;3253;322
24684;-226;-202;4112;3263;352
24694;-226;-198;4116;3259;371
24704;-226;-192;4108;3271;362
24714;-208;-202;4072;3259;352
24724;-222;-188;4108;3254;354
24734;-224;-190;4100;3255;338
24744;-224;-192;4120;3263;320
24754;-236;-196;4100;3263;378
24764;-234;-188;4138;3262;340
24774;-244;-198;4142;3255;330
24784;-222;-196;4092;3255;314
24794;-224;-196;4086;3255;377
24804;-220;-196;4096;3263;357
24814;-224;-206;4114;3259;336
24824;-230;-202;4100;3263;362
24834;-214;-186;4112;3263;354
24844;-228;-192;4114;3263;341
24854;-218;-192;4138;3261;344
24864;-228;-198;4096;3259;348
24874;-224;-202;4098;3269;354
24884;-226;-186;4116;3261;372
24894;-222;-202;4120;3263;347
24904;-216;-198;4098;3259;341
24914;-222;-182;4128;3261;342
24924;-214;-190;4122;3251;356
24934;-220;-206;4124;3259;362
24944;-214;-178;4112;3263;369
24954;-214;-200;4114;3255;325
24964;-224;-198;4122;3259;340
24974;-224;-188;4104;3263;341
24984;-210;-184;4116;3263;328
24994;-212;-194;4100;3259;320
25004;-226;-172;4102;3263;359
25014;-222;-186;4092;3263;324
25024;-222;-188;4126;3263;349
25034;-222;-186;4108;3259;368
25044;-232;-188;4150;3263;352
25054;-222;-206;4108;3261;322
25064;-232;-200;4102;3263;330
25074;-234;-184;4110;3275;366
25084;-222;-204;4090;3263;308
25094;-216;-194;4126;3263;336
25104;-240;-180;4098;3259;341
25114;-242;-204;4110;3267;372
25124;-228;-204;4106;3263;336
25134;-238;-200;4122;3259;320
25144;-226;-200;4102;3259;336
25154;-230;-206;4106;3262;352
25164;-228;-204;4096;3263;365
25174;-222;-194;4110;3263;342
25184;-220;-196;4098;3259;336
25194;-218;-198;4104;3263;361
25204;-230;-212;4096;3255;352
25214;-224;-204;4104;3262;364
25224;-224;-188;4114;3259;368
25234;-234;-188;4096;3261;332
25244;-220;-170;4114;3259;336
25254;-222;-176;4096;3261;336
25264;-222;-190;4108;3263;358
25274;-218;-196;4104;3255;325
25284;-234;-202;4098;3269;356
25294;-222;-184;4120;3255;341
25304;-230;-190;4124;3263;322
25314;-234;-210;4144;3259;310
25324;-210;-202;4124;3255;364
25334;-216;-202;4096;3263;336
25344;-228;-170;4108;3263;368
25354;-216;-180;4114;3261;310
25364;-216;-176;4116;3263;325
25374;-220;-188;4106;3263;357
25384;-224;-198;4114;3255;326
25394;-218;-186;4118;3263;336
25404;-230;-194;4106;3263;336
25414;-232;-198;4096;3255;365
25424;-232;-178;4100;3262;336
25434;-236;-204;4096;3263;372
25444;-224;-190;4114;3251;320
25454;-232;-196;4096;3263;370
25464;-220;-188;4128;3263;336
25474;-234;-186;4114;3263;321
25484;-228;-192;4124;3251;361
25494;-228;-184;4098;3263;370
25504;-216;-188;4110;3259;356
25514;-234;-192;4108;3263;366
25524;-216;-206;4118;3263;348
25534;-224;-184;4110;3259;336
25544;-218;-192;4116;3263;344
25554;-220;-192;4092;3263;368
25564;-226;-192;4096;3263;314
25574;-220;-198;4110;3251;377
25584;-222;-192;4100;3261;337
25594;-220;-202;3970;3263;346
25604;-216;-198;4100;3263;346
25614;-242;-198;4098;3263;356
25624;-226;-190;4110;3261;336
25634;-208;-192;4096;3259;330
25644;-214;-176;4110;3267;347
25654;-232;-208;4104;3263;336
25664;-220;-196;4090;3259;355
25674;-220;-202;4106;3263;340
25684;-224;-204;4112;3251;326
25694;-224;-190;4134;3263;336
25704;-224;-206;4132;3267;368
25714;-230;-184;4102;3253;336
25724;-230;-180;4090;3263;341
25734;-222;-184;4134;3263;352
25744;-224;-190;4098;3261;368
25754;-230;-180;4114;3253;349
25764;-212;-188;4118;3259;352
25774;-222;-198;4100;3255;330
25784;-226;-190;4112;3269;324
25794;-226;-194;4116;3263;352
25804;-220;-198;4118;3267;342
25814;-220;-200;4098;3259;352
25824;-216;-210;4108;3255;368
25834;-244;-204;4116;3249;356
25844;-228;-210;4112;3263;368
25854;-218;-186;4122;3255;372
25864;-220;-202;4082;3261;360
25874;-226;-190;4112;3263;321
25884;-220;-200;4110;3263;336
25894;-234;-194;4130;3261;336
25904;-222;-196;4104;3259;336
25914;-222;-192;4126;3255;346
25924;-222;-194;4096;3263;371
25934;-220;-200;4122;3261;336
25944;-226;-206;4106;3263;340
25954;-206;-190;4108;3269;384
25964;-226;-186;4102;3258;360
25974;-220;-190;4036;3259;324
25984;-228;-208;4138;3263;352
25994;-210;-206;4112;3263;352
26004;-232;-188;4112;3255;342
26014;-234;-200;4110;3259;330
26024;-232;-190;4138;3255;348
26034;-224;-178;4112;3259;362
26044;-232;-198;4134;3263;372
26054;-218;-202;4112;3253;366
26064;-214;-176;4104;3270;358
26074;-234;-210;4142;3255;344
26084;-224;-202;4114;3263;320
26094;-224;-190;4098;3263;346
26104;-236;-180;4042;3251;338
26114;-226;-204;4130;3253;362
26124;-242;-194;4106;3263;353
26134;-220;-182;4106;3263;368
26144;-220;-208;4124;3259;352
26154;-218;-204;4124;3263;338
26164;-234;-198;4096;3251;336
26174;-224;-188;4082;3263;352
26184;-236;-194;4140;3263;336
26194;-222;-188;4102;3262;354
26204;-230;-200;4104;3259;380
26214;-222;-194;4118;3263;336
26224;-210;-196;4116;3255;338
26234;-216;-194;4098;3263;368
26244;-218;-198;4116;3255;320
26254;-216;-212;4122;3255;320
26264;-222;-202;4114;3255;368
26274;-222;-192;4106;3255;314
26284;-228;-194;4094;3259;341
26294;-220;-184;4108;3255;332
26304;-222;-192;4144;3255;368
26314;-220;-164;4102;3259;336
26324;-220;-186;4098;3255;340
26334;-230;-186;4132;3263;352
26344;-220;-202;4140;3259;352
26354;-224;-196;4104;3263;347
26364;-224;-194;4098;3251;360
26374;-226;-200;4142;3259;336
26384;-226;-200;4112;3263;368
26394;-228;-198;4116;3275;323
26404;-220;-184;4106;3267;338
26414;-234;-198;4102;3263;379
26424;-236;-190;4138;3263;336
26434;-236;-174;4138;3263;336
26444;-230;-176;4108;3263;384
26454;-226;-176;4128;3261;332
26464;-242;-200;4092;3263;355
26474;-224;-208;4110;3263;344
26484;-222;-184;4132;3271;332
26494;-216;-206;4096;3259;304
26504;-216;-206;4100;3261;360
26514;-226;-172;4106;3261;330
26524;-220;-196;4136;3255;336
26534;-212;-220;4106;3263;357
26544;-228;-192;4080;3271;334
26554;-216;-168;4142;3259;352
26564;-230;-214;4094;3261;348
26574;-212;-184;4088;3255;373
26584;-210;-182;4110;3263;336
26594;-214;-184;4112;3263;342
26604;-218;-206;4096;3263;352
26614;-212;-196;4092;3263;368
26624;-230;-214;4136;3263;330
26634;-210;-210;4110;3259;370
26644;-222;-204;4138;3263;356
26654;-212;-180;4104;3255;365
26664;-220;-202;4104;3263;336
26674;-220;-194;4112;3261;360
26684;-224;-194;4104;3263;368
26694;-228;-210;4100;3263;336
26704;-220;-168;4102;3263;352
26714;-228;-196;4106;3263;332
26724;-230;-208;4118;3251;352
26734;-226;-198;4096;3263;302
26744;-222;-176;4130;3255;341
26754;-236;-186;4084;3255;316
26764;-232;-184;4110;3259;347
26774;-222;-190;4106;3263;326
26784;-230;-190;4100;3255;346
26794;-226;-196;4136;3259;344
26804;-240;-176;4120;3251;320
26814;-228;-196;4114;3259;348
26824;-212;-196;4094;3261;336
26834;-222;-200;4118;3263;336
26844;-230;-186;4112;3263;364
26854;-208;-188;4130;3255;348
26864;-232;-194;4108;3259;373
26874;-224;-204;4124;3263;342
26884;-226;-196;4102;3259;352
26894;-222;-188;4114;3263;353
26904;-234;-188;4098;3263;304
26914;-216;-194;4138;3259;344
26924;-210;-200;4112;3262;305
26934;-228;-192;4108;3267;334
26944;-218;-188;4100;3263;329
26954;-222;-176;4118;3259;336
26964;-218;-182;4112;3262;313
26974;-222;-180;4104;3255;336
26984;-222;-190;4096;3263;336
26994;-210;-210;4106;3259;336
27004;-220;-186;4126;3255;336
27014;-222;-188;4100;3263;333
27024;-218;-186;4126;3271;338
27034;-222;-206;4102;3263;356
27044;-220;-196;4114;3259;368
27054;-216;-216;4122;3263;339
27064;-230;-212;4108;3263;336
27074;-236;-204;4144;3263;350
27084;-216;-188;4026;3263;336
27094;-232;-194;4108;3263;344
27104;-206;-188;4114;3263;341
27114;-230;-198;4140;3275;338
27124;-236;-188;4096;3263;363
27134;-232;-190;4112;3263;336
27144;-226;-200;4114;3259;348
27154;-236;-198;4110;3253;344
27164;-226;-192;4108;3259;354
27174;-224;-184;4108;3263;357
27184;-240;-202;4124;3255;352
27194;-222;-192;4138;3263;336
27204;-224;-206;4108;3263;358
27214;-216;-204;4106;3259;328
27224;-224;-194;4132;3255;346
27234;-224;-196;4092;3263;356
27244;-218;-204;4092;3259;325
27254;-212;-202;4106;3275;322
27264;-220;-186;4104;3255;344
27274;-218;-188;4122;3263;320
27284;-216;-198;4094;3255;338
27294;-226;-204;4112;3263;336
27304;-230;-210;4090;3263;330
27314;-226;-190;4122;3259;320
27324;-224;-200;4124;3263;320
27334;-220;-206;4112;3263;361
27344;-216;-200;4092;3261;320
27354;-228;-176;4108;3262;332
27364;-218;-182;4116;3263;347
27374;-222;-198;4114;3263;312
27384;-232;-188;4142;3263;354
27394;-224;-196;4090;3263;366
27404;-226;-200;4106;3249;320
27414;-230;-196;4128;3262;304
27424;-218;-194;4110;3267;320
27434;-228;-202;4092;3259;332
27444;-236;-186;4140;3267;336
27454;-236;-180;4104;3262;324
27464;-224;-192;4086;3259;378
27474;-232;-186;4128;3267;368
27484;-214;-196;4094;3263;314
27494;-228;-192;4108;3251;342
27504;-234;-184;4096;3261;338
27514;-236;-208;4138;3255;345
27524;-220;-182;4110;3263;336
27534;-212;-166;4114;3267;364
27544;-240;-210;4114;3259;352
27554;-218;-182;4104;3255;320
27564;-234;-202;4112;3259;336
27574;-224;-206;4146;3254;336
27584;-226;-210;4110;3259;332
27594;-230;-210;4122;3263;363
27604;-236;-198;4102;3259;320
27614;-220;-172;4112;3261;338
27624;-222;-174;4100;3267;328
27634;-222;-198;4118;3255;304
27644;-238;-186;4108;3263;353
27654;-218;-202;4124;3267;336
27664;-210;-222;4112;3263;336
27674;-220;-196;4102;3263;336
27684;-220;-206;4112;3263;372
27694;-222;-202;4130;3259;352
27704;-218;-194;4116;3259;330
27714;-230;-200;4096;3243;321
27724;-238;-202;4104;3255;364
27734;-226;-188;4126;3254;314
27744;-228;-198;4096;3267;340
27754;-220;-186;4100;3271;360
27764;-222;-194;4110;3255;336
27774;-232;-186;4100;3259;365
27784;-222;-186;4114;3261;314
27794;-232;-202;4128;3255;362
27804;-228;-182;4100;3263;337
27814;-246;-178;4112;3263;368
27824;-216;-190;4102;3263;324
27834;-216;-198;4082;3259;373
27844;-234;-178;4092;3263;329
27854;-220;-188;4132;3263;332
27864;-230;-190;4116;3263;352
27874;-212;-188;4106;3259;345
27884;-220;-192;4118;3263;368
27894;-214;-182;4136;3249;374
27904;-220;-184;4108;3263;336
27914;-234;-184;4096;3259;374
27924;-216;-192;4114;3263;340
27934;-210;-192;4122;3263;322
27944;-216;-202;4104;3263;337
27954;-218;-196;4042;3259;358
27964;-232;-192;4110;3263;337
27974;-226;-200;4108;3263;374
27984;-210;-182;4110;3269;352
27994;-218;-192;4132;3247;336
28004;-220;-180;4086;3261;368
28014;-222;-188;4120;3263;354
28024;-224;-220;4112;3263;360
28034;-210;-190;4102;3263;325
28044;-226;-186;4104;3263;363
28054;-222;-196;4110;3263;332
28064;-214;-208;4096;3271;330
28074;-226;-196;4108;3263;330
28084;-222;-214;4110;3262;354
28094;-222;-206;4090;3267;326
28104;-226;-210;4106;3262;366
28114;-224;-206;4118;3263;324
28124;-238;-194;4100;3263;316
28134;-218;-210;4104;3259;338
28144;-218;-194;4100;3255;368
28154;-236;-188;4108;3267;336
28164;-228;-182;4098;3259;336
28174;-224;-192;4104;3254;348
28184;-226;-174;4100;3263;361
28194;-242;-190;4126;3271;369
28204;-212;-190;4116;3263;344
28214;-228;-202;4134;3263;352
28224;-238;-198;4094;3263;320
28234;-224;-206;4106;3263;376
28244;-206;-182;4114;3263;320
28254;-230;-206;4118;3254;364
28264;-228;-194;4112;3275;354
28274;-222;-188;4132;3259;372
28284;-230;-194;4104;3263;341
28294;-204;-200;4120;3249;352
28304;-224;-192;4134;3251;326
28314;-226;-200;4112;3263;352
28324;-222;-206;4110;3259;337
28334;-224;-210;4104;3267;352
28344;-236;-196;4104;3267;344
28354;-218;-188;4180;3263;328
28364;-218;-198;4102;3263;336
28374;-232;-208;4112;3259;345
28384;-212;-184;4094;3263;336
28394;-206;-200;4120;3259;332
28404;-222;-194;4096;3263;338
28414;-224;-198;4108;3259;336
28424;-216;-204;4094;3259;376
28434;-224;-194;4106;3263;340
28444;-228;-196;4140;3259;342
28454;-216;-182;4100;3263;328
28464;-228;-180;4100;3259;329
28474;-242;-202;4106;3259;344
28484;-226;-174;4092;3259;346
28494;-214;-192;4096;3263;336
28504;-224;-202;4094;3255;352
28514;-228;-202;4126;3263;346
28524;-216;-200;4104;3259;352
28534;-238;-196;4100;3263;353
28544;-238;-196;4130;3263;353
28554;-224;-200;4108;3255;322
28564;-228;-194;4114;3259;320
28574;-248;-208;4146;3271;334
28584;-232;-204;4106;3261;353
28594;-224;-182;4134;3263;333
28604;-222;-206;4144;3267;332
28614;-228;-192;4104;3259;368
28624;-228;-178;4092;3259;338
28634;-224;-182;4120;3259;346
28644;-224;-184;4126;3255;365
28654;-224;-206;4116;3263;304
28664;-232;-176;4132;3253;336
28674;-230;-182;4138;3261;352
28684;-222;-190;4114;3259;308
28694;-218;-206;4130;3255;324
28704;-226;-200;4114;3251;336
28714;-230;-188;4100;3255;333
28724;-222;-200;4096;3251;352
28734;-234;-180;4106;3259;364
28744;-220;-184;4116;3263;336
28754;-228;-192;4116;3263;343
28764;-218;-198;4114;3249;368
28774;-230;-202;4116;3255;336
28784;-236;-202;4102;3259;336
28794;-230;-188;4122;3263;336
28804;-234;-184;4150;3267;324
28814;-228;-212;4122;3259;346
28824;-218;-180;4104;3255;312
28834;-222;-220;4106;3259;336
28844;-224;-206;4110;3263;376
28854;-242;-176;4102;3263;352
28864;-234;-190;4104;3263;320
28874;-224;-182;4106;3255;377
28884;-220;-194;4110;3255;320
28894;-226;-188;4112;3275;352
28904;-212;-204;4108;3263;368
28914;-234;-202;4132;3263;352
28924;-212;-194;4040;3263;336
28934;-224;-192;4102;3253;366
28944;-216;-176;4100;3255;354
28954;-238;-176;4156;3261;347
28964;-216;-190;4110;3259;330
28974;-220;-194;4122;3263;340
28984;-228;-212;4152;3255;352
28994;-210;-198;4114;3263;342
29004;-212;-212;4104;3259;320
29014;-216;-180;4094;3263;322
29024;-210;-186;4094;3267;336
29034;-218;-188;4118;3263;342
29044;-224;-176;4094;3263;344
29054;-214;-194;4104;3260;349
29064;-228;-196;4108;3259;328
29074;-214;-192;4120;3263;332
29084;-226;-184;4110;3263;374
29094;-218;-190;4110;3263;336
29104;-218;-202;4126;3259;341
29114;-224;-178;4092;3259;368
29124;-228;-190;4110;3267;338
29134;-218;-212;4110;3263;354
29144;-216;-182;4088;3263;336
29154;-238;-202;4118;3255;332
29164;-222;-184;4112;3263;368
29174;-234;-184;4092;3261;324
29184;-226;-194;4102;3255;337
29194;-216;-226;4132;3267;316
29204;-230;-202;4100;3259;333
29214;-226;-202;4114;3263;340
29224;-228;-192;4120;3259;352
29234;-226;-188;4108;3255;338
29244;-214;-194;4104;3267;337
29254;-222;-184;4108;3259;324
29264;-220;-198;4118;3259;365
29274;-220;-198;4100;3263;329
29284;-234;-180;4110;3249;349
29294;-234;-192;4090;3259;343
29304;-226;-178;4138;3269;333
29314;-230;-188;4110;3255;336
29324;-228;-206;4144;3259;322
29334;-216;-212;4106;3263;320
29344;-216;-178;4126;3263;324
29354;-230;-174;4104;3255;340
29364;-230;-202;4128;3267;330
29374;-212;-176;4142;3267;321
29384;-236;-186;4126;3263;336
29394;-206;-192;4106;3263;372
29404;-222;-194;4112;3270;336
29414;-204;-198;4064;3261;337
29424;-224;-210;4116;3255;330
29434;-210;-188;4116;3267;320
29444;-224;-198;4128;3263;370
29454;-224;-206;4128;3259;362
29464;-234;-188;4118;3263;301
29474;-220;-188;4118;3263;352
29484;-226;-200;4146;3261;342
29494;-246;-188;4118;3263;344
29504;-218;-178;4124;3263;337
29514;-236;-194;4110;3263;356
29524;-218;-196;4122;3255;384
29534;-234;-202;4102;3261;347
29544;-212;-194;4116;3263;341
29554;-220;-196;4102;3267;342
29564;-206;-188;4134;3271;344
29574;-230;-202;4134;3263;362
29584;-222;-204;4108;3263;337
29594;-226;-198;4104;3267;331
29604;-220;-192;4092;3271;379
29614;-214;-202;4110;3271;332
29624;-242;-190;4154;3263;322
29634;-226;-188;4116;3254;336
29644;-230;-190;4138;3259;344
29654;-210;-188;4112;3269;336
29664;-224;-200;4122;3263;342
29674;-228;-206;4114;3263;336
29684;-216;-180;3998;3255;325
29694;-202;-204;4130;3263;369
29704;-234;-178;4104;3263;321
29714;-218;-180;4114;3258;354
29724;-202;-204;4138;3263;356
29734;-226;-176;4104;3255;357
29744;-230;-192;4112;3259;356
29754;-222;-200;4120;3259;352
29764;-218;-182;4116;3263;370
29774;-218;-192;4108;3263;368
29784;-240;-194;4120;3259;357
29794;-222;-190;4110;3259;338
29804;-224;-186;4096;3263;328
29814;-236;-202;4140;3263;358
29824;-228;-208;4114;3267;333
29834;-220;-188;4102;3255;324
29844;-218;-190;4122;3259;352
29854;-216;-198;4102;3267;336
29864;-224;-196;4102;3255;342
29874;-218;-202;4086;3263;345
29884;-228;-198;4128;3263;368
29894;-220;-202;4098;3263;311
29904;-234;-212;4108;3263;360
29914;-220;-194;4106;3259;326
29924;-220;-204;4090;3259;336
29934;-216;-194;4126;3263;336
29944;-228;-198;4118;3263;325
29954;-218;-196;4112;3255;365
29964;-228;-196;4114;3259;384
29974;-224;-206;4084;3257;345
29984;-222;-200;4120;3263;365
29994;-232;-192;4090;3263;336
30004;-222;-202;4110;3247;313
30014;-220;-182;4154;3263;314
30024;-218;-192;4092;3263;350
30034;-216;-198;4094;3259;320
30044;-226;-198;4146;3261;352
30054;-216;-202;4134;3251;312
30064;-224;-194;4146;3263;365
30074;-232;-198;4110;3263;304
30084;-220;-206;4106;3263;310
30094;-234;-184;4110;3263;364
30104;-222;-190;4104;3255;364
30114;-220;-186;4004;3263;358
30124;-212;-194;4110;3255;336
30134;-220;-200;4106;3261;336
30144;-226;-186;4106;3259;336
30154;-240;-202;4132;3271;329
30164;-218;-212;4108;3255;368
30174;-232;-188;4122;3255;324
30184;-212;-214;4134;3255;347
30194;-226;-180;4104;3259;336
30204;-244;-202;4104;3259;354
30214;-222;-180;4012;3261;360
30224;-234;-180;4094;3255;349
30234;-214;-188;4114;3263;352
30244;-214;-178;4104;3263;330
30254;-220;-202;4118;3258;336
30264;-234;-176;4110;3263;337
30274;-232;-206;4116;3255;338
30284;-218;-200;4128;3275;336
30294;-224;-190;4118;3259;353
30304;-226;-186;4114;3254;354
30314;-222;-192;4118;3267;352
30324;-216;-202;4106;3263;336
30334;-214;-186;4100;3263;322
30344;-216;-180;4122;3259;352
30354;-222;-190;4134;3255;336
30364;-232;-194;4120;3262;358
30374;-224;-198;4090;3267;305
30384;-220;-188;4094;3263;336
30394;-224;-180;4098;3263;333
30404;-224;-204;4100;3259;324
30414;-224;-184;4100;3263;343
30424;-228;-192;4128;3247;353
30434;-220;-202;4120;3267;354
30444;-228;-180;4114;3262;377
30454;-230;-170;4110;3263;338
30464;-226;-196;4096;3263;344
30474;-226;-190;4122;3263;339
30484;-244;-208;4094;3259;320
30494;-226;-202;4106;3259;376
30504;-230;-192;4102;3267;333
30514;-224;-214;4104;3251;320
30524;-218;-200;4106;3263;345
30534;-220;-210;4126;3263;336
30544;-222;-198;4102;3259;322
30554;-218;-210;4108;3255;368
30564;-228;-202;4134;3255;346
30574;-212;-198;4102;3263;336
30584;-218;-188;4092;3263;369
30594;-220;-212;4124;3263;320
30604;-230;-180;4088;3269;330
30614;-226;-190;4114;3259;354
30624;-226;-180;4128;3263;343
30634;-212;-192;4130;3255;312
30644;-230;-184;4128;3263;338
30654;-234;-180;4118;3259;337
30664;-228;-194;4154;3255;342
30674;-206;-196;4134;3255;320
30684;-228;-182;4094;3259;314
30694;-216;-206;4114;3262;341
30704;-226;-190;4118;3250;362
30714;-226;-196;4102;3263;331
30724;-218;-210;4100;3263;325
30734;-222;-192;4104;3263;334
30744;-222;-190;4110;3263;357
30754;-212;-192;4114;3269;352
30764;-214;-184;4112;3263;332
30774;-220;-192;4142;3263;336
30784;-218;-202;4082;3259;340
30794;-232;-200;4102;3267;332
30804;-230;-180;4096;3263;359
30814;-238;-190;4098;3255;332
30824;-236;-188;4114;3255;345
30834;-220;-202;4114;3255;370
30844;-230;-196;4080;3263;347
30854;-212;-204;4106;3263;320
30864;-222;-200;4100;3263;332
30874;-216;-194;4100;3263;368
30884;-230;-206;4142;3263;359
30894;-216;-208;4112;3255;352
30904;-232;-184;4096;3255;358
30914;-228;-188;4120;3255;356
30924;-226;-182;4102;3263;336
30934;-224;-196;4104;3262;336
30944;-218;-198;4128;3263;338
30954;-228;-212;4122;3259;326
30964;-220;-206;4112;3259;370
30974;-222;-190;4096;3263;348
30984;-240;-180;4110;3259;353
30994;-210;-194;4142;3263;342
31004;-224;-192;4100;3263;342
31014;-216;-194;4112;3263;365
31024;-226;-178;4108;3263;349
31034;-226;-196;4120;3255;339
31044;-218;-206;4116;3263;334
31054;-220;-190;4132;3269;356
31064;-218;-190;4126;3263;325
31074;-222;-176;4126;3259;325
31084;-234;-202;4136;3263;345
31094;-216;-180;4116;3267;352
31104;-216;-180;4094;3263;336
31114;-218;-188;4102;3262;336
31124;-216;-202;4142;3263;339
31134;-220;-186;4098;3263;350
31144;-226;-182;4106;3259;344
31154;-220;-206;4094;3261;332
31164;-220;-202;4104;3263;336
31174;-228;-184;4108;3263;338
31184;-218;-200;4130;3263;344
31194;-232;-192;4112;3263;314
31204;-206;-166;4012;3255;293
31214;-234;-210;4098;3263;316
31224;-218;-196;4102;3267;349
31234;-224;-192;4106;3263;336
31244;-230;-194;4110;3259;340
31254;-226;-184;4162;3255;330
31264;-226;-210;4126;3263;340
31274;-236;-198;4136;3263;354
31284;-220;-208;4088;3259;356
31294;-214;-178;4112;3263;344
31304;-224;-192;4120;3267;355
31314;-224;-192;4090;3259;332
31324;-230;-196;4102;3263;320
31334;-224;-196;4114;3255;334
31344;-224;-200;4118;3267;368
31354;-226;-208;4110;3263;343
31364;-210;-188;4128;3255;358
31374;-222;-208;4112;3263;368
31384;-220;-170;4098;3259;320
31394;-230;-184;4118;3263;361
31404;-210;-192;4100;3267;368
31414;-226;-184;4124;3263;320
31424;-222;-194;4106;3263;310
31434;-224;-206;4164;3259;336
31444;-234;-208;4116;3267;336
31454;-234;-200;4118;3255;322
31464;-226;-206;4146;3263;356
31474;-230;-170;4112;3263;326
31484;-228;-196;4108;3251;379
31494;-230;-176;4098;3263;329
31504;-224;-190;4090;3235;348
31514;-228;-182;4092;3251;330
31524;-234;-188;4092;3263;320
31534;-228;-184;4084;3262;344
31544;-226;-194;4124;3263;353
31554;-216;-212;4118;3267;325
31564;-236;-186;4116;3263;328
31574;-222;-172;4124;3267;351
31584;-218;-192;4112;3263;360
31594;-218;-184;4128;3262;352
31604;-224;-192;4108;3255;316
31614;-238;-200;4080;3259;354
31624;-224;-192;4112;3263;349
31634;-214;-188;4144;3259;333
31644;-212;-192;4122;3259;362
31654;-216;-196;4106;3261;320
31664;-216;-216;4112;3280;356
31674;-216;-174;4132;3259;336
31684;-218;-206;4104;3263;336
31694;-210;-196;4078;3261;344
31704;-222;-196;4106;3263;334
31714;-218;-188;4090;3257;331
31724;-218;-214;4092;3259;330
31734;-212;-184;4108;3251;366
31744;-224;-194;4108;3253;304
31754;-224;-188;4122;3263;364
31764;-220;-204;4084;3263;340
31774;-216;-192;4120;3263;320
31784;-238;-186;4118;3263;371
31794;-236;-196;4100;3255;320
31804;-224;-196;4096;3259;336
31814;-228;-188;4126;3263;326
31824;-238;-194;4120;3259;340
31834;-218;-196;4116;3263;324
31844;-230;-194;4104;3271;350
31854;-228;-176;4104;3255;368
31864;-226;-198;4128;3263;338
31874;-228;-184;4132;3263;310
31884;-228;-200;4132;3259;352
31894;-228;-200;4102;3263;307
31904;-206;-184;4130;3267;376
31914;-220;-202;4110;3263;336
31924;-224;-180;4124;3261;370
31934;-222;-184;4122;3279;315
31944;-230;-200;4112;3261;336
31954;-208;-196;4124;3263;336
31964;-228;-192;4028;3255;336
31974;-214;-188;4116;3251;342
31984;-218;-184;4126;3262;368
31994;-210;-196;4108;3263;346
32004;-214;-196;4108;3263;349
32014;-228;-214;4114;3263;352
32024;-212;-192;4124;3255;320
32034;-216;-196;4090;3263;357
32044;-216;-204;4104;3263;320
32054;-226;-184;4108;3267;336
32064;-214;-208;4104;3263;348
32074;-214;-192;4116;3263;338
32084;-220;-200;4092;3251;320
32094;-220;-184;4070;3251;344
32104;-232;-198;4094;3259;341
32114;-222;-202;4104;3259;328
32124;-226;-194;4118;3253;356
32134;-230;-196;4006;3259;338
32144;-236;-194;4116;3255;339
32154;-218;-180;4102;3263;353
32164;-220;-188;4144;3254;336
32174;-232;-198;4110;3263;336
32184;-222;-184;4134;3263;352
32194;-244;-184;4108;3255;334
32204;-234;-192;4106;3223;320
32214;-238;-190;4106;3263;330
32224;-216;-178;4094;3255;362
32234;-214;-182;4134;3263;336
32244;-222;-198;4104;3263;352
32254;-232;-216;4110;3263;348
32264;-226;-198;4114;3259;336
32274;-216;-206;4100;3261;321
32284;-206;-186;4110;3263;304
32294;-230;-174;4110;3263;347
32304;-222;-204;4106;3251;320
32314;-216;-200;4118;3259;347
32324;-228;-188;4122;3271;336
32334;-236;-186;4112;3263;344
32344;-212;-200;4104;3263;352
32354;-184;-176;4104;3259;304
32364;-214;-172;4120;3263;360
32374;-230;-206;4118;3262;354
32384;-222;-204;4140;3267;324
32394;-224;-188;4108;3263;342
32404;-218;-184;4132;3263;342
32414;-214;-206;4122;3263;338
32424;-200;-206;4090;3247;334
32434;-212;-178;4104;3255;361
32444;-226;-206;4104;3259;348
32454;-232;-208;4090;3255;370
32464;-224;-182;4088;3245;348
32474;-224;-192;4114;3263;346
32484;-220;-184;4132;3258;330
32494;-246;-190;4112;3259;330
32504;-226;-192;4102;3255;344
32514;-228;-184;4124;3263;310
32524;-212;-208;4092;3261;336
32534;-218;-194;4098;3263;337
32544;-226;-202;4124;3263;323
32554;-224;-200;4028;3263;368
32564;-226;-198;4112;3255;336
32574;-238;-182;4092;3263;354
32584;-212;-198;4124;3263;342
32594;-230;-196;4114;3275;313
32604;-214;-190;4086;3255;340
32614;-220;-192;4112;3263;328
32624;-234;-174;4104;3261;342
32634;-224;-180;4078;3261;371
32644;-224;-208;4116;3259;356
32654;-218;-192;4106;3259;320
32664;-218;-208;4106;3263;320
32674;-242;-178;4098;3259;357
32684;-224;-196;4054;3263;324
32694;-206;-184;4100;3253;330
32704;-232;-176;4110;3263;343
32714;-216;-182;4122;3263;345
32724;-218;-190;4114;3263;324
32734;-226;-184;4128;3263;314
32744;-218;-182;4102;3263;361
32754;-214;-180;4106;3263;332
32764;-216;-202;4106;3271;352
32774;-216;-178;4114;3255;306
32784;-226;-192;4132;3263;358
32794;-230;-182;4104;3247;341
32804;-218;-194;4120;3263;361
32814;-216;-212;4104;3259;336
32824;-226;-184;4106;3255;308
32834;-218;-182;4122;3259;317
32844;-220;-176;4104;3255;352
32854;-222;-190;4140;3259;336
32864;-232;-178;4136;3263;362
32874;-228;-192;4118;3271;314
32884;-226;-190;4108;3263;362
32894;-232;-184;4090;3263;328
32904;-218;-200;4146;3261;331
32914;-224;-196;4144;3263;314
32924;-242;-194;4100;3263;336
32934;-220;-196;4146;3263;332
32944;-214;-206;4124;3263;372
32954;-226;-172;4114;3263;360
32964;-224;-190;4124;3251;324
32974;-240;-208;4136;3261;339
32984;-226;-200;4100;3263;336
32994;-226;-196;4108;3261;342
33004;-216;-190;4098;3255;334
33014;-214;-190;4102;3263;352
33024;-236;-190;4134;3263;344
33034;-234;-188;4104;3259;332
33044;-210;-174;4104;3255;362
33054;-218;-178;4094;3269;336
33064;-218;-196;4086;3261;325
33074;-208;-188;4120;3263;368
33084;-218;-182;4108;3263;336
33094;-218;-182;4128;3263;328
33104;-216;-186;4106;3263;325
33114;-212;-192;4096;3263;335
33124;-224;-188;4118;3261;368
33134;-218;-212;4100;3255;306
33144;-220;-208;4108;3259;360
33154;-232;-182;4096;3263;322
33164;-228;-194;4112;3251;322
33174;-206;-188;4138;3255;332
33184;-234;-196;4110;3262;332
33194;-226;-190;4120;3249;364
33204;-234;-196;4104;3251;352
33214;-228;-170;4120;3259;336
33224;-228;-194;4096;3255;339
33234;-222;-180;4104;3259;348
33244;-226;-196;4110;3255;346
33254;-228;-182;4134;3251;352
33264;-222;-208;4122;3259;322
33274;-228;-182;4094;3263;324
33284;-234;-182;4112;3263;374
33294;-222;-192;4098;3263;298
33304;-222;-210;4110;3263;371
33314;-232;-190;4108;3263;339
33324;-222;-198;4100;3263;332
33334;-220;-188;4120;3263;362
33344;-222;-204;4134;3259;336
33354;-220;-190;4130;3259;360
33364;-228;-192;4110;3267;325
33374;-236;-180;4126;3255;316
33384;-214;-194;4110;3261;348
33394;-238;-204;4132;3259;341
33404;-224;-176;4118;3259;374
33414;-212;-204;4136;3263;322
33424;-220;-210;4108;3263;320
33434;-214;-192;4114;3259;345
33444;-220;-180;4098;3263;364
33454;-222;-204;4112;3262;364
33464;-218;-202;4134;3263;363
33474;-220;-204;4108;3261;336
33484;-234;-200;4112;3255;349
33494;-220;-196;4118;3263;368
33504;-228;-204;4108;3259;320
33514;-218;-198;4086;3259;344
33524;-226;-204;4100;3253;327
33534;-210;-204;4118;3263;333
33544;-224;-198;4118;3259;352
33554;-228;-186;4116;3255;314
33564;-234;-190;4122;3269;342
33574;-238;-188;4098;3263;368
33584;-226;-192;4114;3261;346
33594;-224;-186;4132;3254;320
33604;-236;-190;4116;3255;344
33614;-224;-206;4114;3263;362
33624;-222;-192;4140;3269;342
33634;-224;-184;4112;3263;337
33644;-214;-206;4078;3262;337
33654;-220;-192;4106;3263;348
33664;-218;-196;4108;3259;324
33674;-232;-180;4104;3263;343
33684;-226;-204;4132;3267;361
33694;-224;-196;4126;3263;361
33704;-226;-194;4110;3255;372
33714;-216;-190;4116;3259;352
33724;-212;-206;4158;3263;336
33734;-224;-192;4102;3259;336
33744;-234;-194;4112;3263;361
33754;-218;-198;4102;3262;339
33764;-216;-200;4110;3263;340
33774;-220;-186;4122;3259;324
33784;-208;-186;4128;3263;364
33794;-216;-214;4132;3255;336
33804;-224;-188;4106;3263;358
33814;-228;-192;4112;3259;304
33824;-220;-200;4108;3263;343
33834;-232;-186;4114;3263;356
33844;-226;-180;4108;3259;349
33854;-226;-198;4112;3263;336
33864;-220;-198;4106;3263;331
33874;-220;-178;4126;3259;357
33884;-216;-170;4112;3263;336
33894;-214;-186;4112;3262;350
33904;-216;-196;4108;3263;346
33914;-230;-184;4106;3263;337
33924;-214;-188;4120;3267;338
33934;-220;-190;4104;3263;307
33944;-232;-204;4106;3255;348
33954;-226;-190;4112;3263;333
33964;-230;-208;4116;3253;364
33974;-224;-198;4112;3259;316
33984;-228;-198;4106;3239;344
33994;-224;-206;4100;3262;313
34004;-228;-184;4118;3263;355
34014;-226;-192;4114;3263;348
34024;-222;-208;4154;3267;338
34034;-214;-212;4108;3257;321
34044;-228;-186;4112;3259;357
34054;-228;-190;4152;3255;348
34064;-220;-174;4108;3255;341
34074;-206;-194;4110;3259;326
34084;-236;-174;4078;3253;336
34094;-226;-194;4154;3255;338
34104;-236;-194;4114;3263;338
34114;-228;-200;4148;3259;368
34124;-238;-182;4096;3255;328
34134;-214;-204;4108;3255;325
34144;-220;-210;4092;3255;358
34154;-204;-180;4104;3261;315
34164;-236;-204;4102;3263;336
34174;-226;-188;4100;3263;322
34184;-222;-178;4100;3254;326
34194;-226;-176;4120;3267;356
34204;-214;-192;3824;3259;341
34214;-224;-178;4120;3261;338
34224;-234;-196;4104;3263;326
34234;-216;-192;4124;3261;337
34244;-218;-182;4104;3259;362
34254;-216;-194;4130;3261;316
34264;-224;-204;4078;3261;336
34274;-244;-206;4106;3263;336
34284;-232;-196;4108;3255;337
34294;-220;-206;4098;3259;320
34304;-224;-194;4152;3263;336
34314;-226;-208;4124;3263;352
34324;-222;-190;4104;3263;304
34334;-232;-196;4108;3263;364
34344;-222;-188;4084;3263;379
34354;-220;-180;4114;3259;336
34364;-220;-182;4094;3261;352
34374;-222;-194;4106;3259;340
34384;-214;-192;4098;3263;338
34394;-220;-204;4104;3263;304
34404;-230;-198;4098;3259;312
34414;-216;-186;4096;3263;358
34424;-222;-200;4116;3267;365
34434;-220;-198;4122;3259;320
34444;-224;-188;4104;3263;337
34454;-214;-192;4134;3263;333
34464;-226;-186;4106;3263;337
34474;-212;-206;4114;3263;344
34484;-204;-192;4110;3262;362
34494;-232;-188;4106;3255;352
34504;-222;-192;4096;3263;346
34514;-230;-190;4126;3248;348
34524;-222;-216;4106;3263;354
34534;-228;-180;4120;3259;325
34544;-236;-184;4174;3259;372
34554;-232;-178;4114;3263;306
34564;-238;-202;4094;3255;304
34574;-220;-182;4134;3261;352
34584;-234;-200;4126;3259;336
34594;-214;-184;4090;3263;360
34604;-224;-178;4098;3251;352
34614;-232;-188;4146;3263;330
34624;-222;-190;4098;3263;360
34634;-232;-208;4108;3263;340
34644;-224;-204;4114;3263;340
34654;-212;-192;4118;3255;312
34664;-224;-206;4126;3263;342
34674;-220;-196;4118;3263;368
34684;-230;-194;4114;3255;344
34694;-224;-186;4138;3263;349
34704;-232;-206;4146;3255;328
34714;-220;-194;4102;3259;344
34724;-218;-184;4110;3263;358
34734;-224;-188;4116;3263;320
34744;-228;-204;4088;3259;352
34754;-206;-198;4114;3263;326
34764;-220;-198;4098;3259;332
34774;-226;-192;4118;3263;377
34784;-228;-184;4104;3263;311
34794;-218;-198;4112;3255;368
34804;-214;-190;4124;3251;324
34814;-230;-196;4102;3263;368
34824;-228;-186;4132;3263;324
34834;-230;-218;4096;3267;325
34844;-222;-216;4094;3263;360
34854;-224;-208;4136;3231;322
34864;-220;-188;4150;3263;354
34874;-224;-204;4100;3255;336
34884;-220;-184;4136;3259;333
34894;-234;-200;4112;3263;356
34904;-220;-190;4124;3255;350
34914;-236;-190;4116;3263;368
34924;-232;-198;4118;3255;324
34934;-234;-180;4104;3261;336
34944;-216;-192;4100;3255;341
34954;-222;-178;4150;3263;352
34964;-212;-186;4110;3259;320
34974;-224;-214;4094;3255;321
34984;-228;-208;4126;3262;322
34994;-222;-194;4098;3263;344
35004;-238;-196;4140;3261;352
35014;-216;-186;4106;3263;353
35024;-222;-174;4114;3255;364
35034;-216;-204;4112;3263;368
35044;-228;-204;4112;3263;347
35054;-210;-206;4126;3263;372
35064;-230;-208;4092;3263;353
35074;-220;-176;4112;3263;352
35084;-216;-194;4112;3255;364
35094;-232;-184;4118;3263;337
35104;-224;-184;4084;3259;346
35114;-216;-178;4116;3255;336
35124;-214;-202;4116;3263;314
35134;-212;-174;4104;3263;369
35144;-228;-200;4134;3263;334
35154;-220;-206;4128;3263;360
35164;-222;-202;4120;3263;344
35174;-194;-190;4092;3259;338
35184;-222;-206;4134;3259;376
35194;-224;-188;4096;3255;330
35204;-220;-196;4114;3255;320
35214;-212;-202;4110;3271;321
35224;-224;-186;4120;3259;324
35234;-216;-178;4102;3251;312
35244;-224;-186;4116;3263;308
35254;-212;-200;4094;3259;331
35264;-220;-196;4138;3251;348
35274;-218;-204;4130;3261;328
35284;-222;-204;4104;3263;326
35294;-230;-186;4114;3255;320
35304;-220;-184;4124;3255;368
35314;-228;-194;4108;3263;336
35324;-234;-194;4108;3255;368
35334;-214;-198;4110;3259;340
35344;-218;-194;4132;3263;320
35354;-224;-168;4112;3253;354
35364;-230;-196;4122;3263;341
35374;-222;-200;4110;3255;344
35384;-222;-206;4116;3279;332
35394;-222;-186;4098;3261;352
35404;-214;-180;4128;3263;336
35414;-226;-190;4098;3267;312
35424;-234;-208;4134;3263;345
35434;-222;-198;4116;3259;323
35444;-220;-196;4102;3259;312
35454;-216;-178;4126;3255;340
35464;-222;-200;4132;3263;344
35474;-216;-192;4124;3263;368
35484;-220;-198;4096;3263;313
35494;-230;-202;4102;3259;338
35504;-226;-204;4148;3263;337
35514;-220;-192;4114;3259;344
35524;-216;-182;4106;3254;356
35534;-236;-194;4142;3263;384
35544;-232;-180;4112;3263;352
35554;-226;-206;4106;3263;352
35564;-232;-186;4106;3261;336
35574;-224;-206;4134;3259;327
35584;-228;-198;4110;3255;368
35594;-222;-194;4096;3263;384
35604;-218;-192;4104;3261;353
35614;-218;-182;4122;3263;324
35624;-228;-194;4100;3255;347
35634;-240;-180;4102;3271;304
35644;-212;-192;4134;3263;368
35654;-222;-192;4114;3255;314
35664;-216;-180;4102;3262;345
35674;-234;-204;4150;3267;359
35684;-224;-186;4124;3267;338
35694;-218;-184;4124;3263;325
35704;-218;-196;4098;3271;320
35714;-226;-188;4132;3255;336
35724;-210;-184;4124;3263;306
35734;-218;-198;4134;3255;338
35744;-222;-188;4042;3263;352
35754;-236;-188;4104;3263;380
35764;-224;-210;4152;3255;352
35774;-210;-196;4096;3263;320
35784;-214;-196;4038;3263;345
35794;-240;-218;4108;3263;370
35804;-228;-192;4108;3263;329
35814;-216;-184;4130;3263;365
35824;-224;-196;4096;3263;320
35834;-228;-188;4106;3259;330
35844;-230;-202;4102;3263;357
35854;-218;-184;4138;3263;332
35864;-214;-168;4080;3263;336
35874;-222;-188;4110;3263;336
35884;-226;-192;4110;3267;368
35894;-240;-178;4122;3263;326
35904;-220;-202;4126;3259;334
35914;-214;-198;4118;3263;325
35924;-214;-202;4104;3259;322
35934;-216;-206;4096;3263;322
35944;-226;-198;4110;3263;324
35954;-228;-182;4112;3263;338
35964;-238;-198;4116;3263;344
35974;-242;-202;4100;3261;336
35984;-220;-172;4126;3267;334
35994;-248;-186;4088;3263;336
36004;-226;-206;4112;3263;358
36014;-230;-216;4110;3263;333
36024;-226;-178;4090;3263;336
36034;-228;-172;4098;3271;324
36044;-230;-196;4094;3263;333
36054;-216;-176;4122;3263;361
36064;-240;-190;4098;3267;334
36074;-206;-192;4118;3269;357
36084;-232;-180;4126;3254;316
36094;-218;-178;4122;3263;364
36104;-206;-188;4142;3259;352
36114;-228;-192;4130;3263;346
36124;-228;-194;4106;3267;336
36134;-222;-214;4126;3263;336
36144;-216;-168;4102;3263;332
36154;-222;-194;4118;3269;356
36164;-232;-190;4102;3263;331
36174;-226;-184;4100;3263;341
36184;-228;-206;4120;3259;346
36194;-224;-206;4090;3271;330
36204;-222;-188;4102;3259;348
36214;-216;-176;4112;3255;342
36224;-228;-178;4104;3263;336
36234;-196;-198;4132;3261;340
36244;-216;-190;4102;3255;338
36254;-212;-192;4128;3253;320
36264;-226;-186;4100;3263;315
36274;-228;-180;4110;3251;338
36284;-218;-176;4112;3263;358
36294;-236;-186;4074;3263;344
36304;-234;-180;4122;3261;352
36314;-232;-196;4110;3261;361
36324;-220;-192;4128;3263;372
36334;-216;-192;4104;3259;336
36344;-234;-190;4098;3263;348
36354;-226;-194;4152;3263;365
36364;-228;-194;4126;3263;336
36374;-220;-200;4130;3263;344
36384;-230;-196;4120;3267;352
36394;-226;-210;4100;3263;320
36404;-212;-208;4098;3262;324
36414;-232;-190;4116;3255;328
36424;-218;-184;4108;3263;336
36434;-222;-182;4110;3255;348
36444;-206;-194;4108;3263;358
36454;-232;-188;4118;3269;352
36464;-228;-196;4112;3261;356
36474;-220;-184;4094;3261;352
36484;-226;-196;4126;3261;336
36494;-226;-166;4118;3263;368
36504;-236;-192;4092;3259;354
36514;-208;-208;4100;3263;345
36524;-218;-198;4114;3263;338
36534;-216;-188;4114;3263;340
36544;-224;-186;4104;3263;331
36554;-222;-194;4098;3259;364
36564;-210;-180;4110;3262;356
36574;-236;-194;4114;3263;320
36584;-234;-190;4126;3263;362
36594;-216;-198;4096;3263;315
36604;-226;-198;4112;3263;355
36614;-216;-206;4124;3261;309
36624;-222;-188;4110;3263;344
36634;-234;-210;4104;3263;314
36644;-236;-194;4102;3263;344
36654;-234;-202;4126;3263;321
36664;-224;-206;4110;3263;336
36674;-236;-202;4098;3263;357
36684;-216;-212;4146;3271;336
36694;-218;-182;4104;3259;345
36704;-226;-170;4108;3259;339
36714;-226;-178;4110;3271;322
36724;-226;-204;4108;3261;360
36734;-216;-190;4100;3263;336
36744;-226;-200;4108;3259;331
36754;-208;-206;4112;3267;340
36764;-230;-202;4102;3257;352
36774;-216;-176;4118;3259;320
36784;-220;-198;4154;3263;344
36794;-222;-182;4096;3271;343
36804;-216;-202;4108;3263;336
36814;-220;-206;4106;3263;337
36824;-228;-184;4130;3259;362
36834;-222;-186;4116;3263;342
36844;-216;-204;4104;3263;336
36854;-224;-208;4122;3263;337
36864;-218;-202;4128;3263;342
36874;-232;-188;4092;3263;352
36884;-214;-192;4094;3254;324
36894;-224;-202;4108;3267;339
36904;-226;-174;4108;3263;341
36914;-230;-182;4100;3271;342
36924;-226;-196;4096;3259;364
36934;-228;-202;4086;3263;342
36944;-234;-192;4112;3258;342
36954;-228;-206;4128;3263;341
36964;-220;-182;4102;3262;329
36974;-216;-184;4114;3263;297
36984;-234;-212;4136;3263;333
36994;-218;-190;4124;3267;324
37004;-224;-192;4100;3255;352
37014;-220;-184;4146;3255;332
37024;-212;-196;4114;3267;352
37034;-214;-200;4104;3259;348
37044;-212;-214;3994;3263;328
37054;-214;-208;4130;3262;352
37064;-228;-178;4106;3255;340
37074;-224;-200;4136;3259;369
37084;-220;-194;4100;3259;346
37094;-226;-202;4126;3263;352
37104;-224;-204;4094;3263;344
37114;-230;-206;4100;3253;352
37124;-226;-192;4102;3255;312
37134;-200;-210;4122;3263;370
37144;-210;-196;4090;3259;348
37154;-230;-180;4104;3259;346
37164;-218;-208;4116;3263;362
37174;-218;-182;4108;3255;347
37184;-212;-200;4118;3253;329
37194;-228;-196;4110;3259;358
37204;-226;-202;4114;3261;304
37214;-218;-190;4112;3255;365
37224;-230;-202;4120;3258;352
37234;-232;-198;4128;3259;352
37244;-234;-212;4110;3251;323
37254;-234;-186;4106;3263;328
37264;-222;-182;4092;3263;359
37274;-224;-196;4098;3263;352
37284;-224;-182;4110;3263;336
37294;-234;-188;4112;3255;362
37304;-240;-204;4138;3263;340
37314;-228;-178;4098;3259;368
37324;-222;-196;4108;3255;342
37334;-226;-178;4116;3259;343
37344;-216;-210;4120;3255;366
37354;-228;-222;4088;3263;320
37364;-216;-204;4114;3263;321
37374;-214;-188;4128;3261;362
37384;-208;-190;4116;3263;346
37394;-218;-202;4102;3263;304
37404;-234;-196;4106;3248;320
37414;-224;-200;4118;3259;378
37424;-232;-200;4120;3259;337
37434;-226;-182;4088;3255;342
37444;-220;-176;4116;3259;336
37454;-222;-186;4130;3263;333
37464;-218;-208;4104;3263;331
37474;-218;-196;4104;3263;345
37484;-214;-180;4122;3261;368
37494;-220;-206;4096;3263;330
37504;-220;-210;4102;3262;370
37514;-214;-188;4124;3255;324
37524;-218;-186;4094;3253;368
37534;-222;-186;4110;3263;328
37544;-226;-182;4104;3269;352
37554;-228;-208;4114;3263;336
37564;-230;-208;4102;3263;320
37574;-228;-190;4124;3261;324
37584;-216;-186;4130;3271;366
37594;-218;-190;4106;3263;336
37604;-230;-196;4098;3261;385
37614;-236;-194;4086;3263;366
37624;-240;-190;4094;3263;344
37634;-220;-184;4118;3263;376
37644;-236;-206;4142;3263;354
37654;-230;-196;4098;3251;368
37664;-230;-174;4124;3263;332
37674;-224;-186;4140;3263;356
37684;-230;-208;4102;3263;336
37694;-234;-186;4102;3259;336
37704;-226;-206;4138;3255;346
37714;-232;-216;4096;3263;352
37724;-230;-200;4100;3259;338
37734;-224;-178;4104;3255;368
37744;-232;-196;4112;3263;338
37754;-218;-194;4130;3259;336
37764;-230;-212;4108;3263;341
37774;-226;-208;4104;3255;354
37784;-220;-186;4106;3255;342
37794;-222;-196;4106;3263;329
37804;-226;-178;4130;3255;370
37814;-236;-186;4094;3261;354
37824;-222;-192;4104;3259;336
37834;-220;-184;4132;3263;348
37844;-220;-192;4120;3259;353
37854;-228;-198;4132;3262;358
37864;-230;-200;4112;3255;328
37874;-218;-206;4092;3255;320
37884;-232;-194;4110;3263;360
37894;-226;-202;4100;3263;345
37904;-222;-184;4126;3267;345
37914;-234;-188;4096;3261;338
37924;-232;-202;4112;3263;348
37934;-228;-192;4098;3261;368
37944;-234;-194;4116;3259;342
37954;-222;-202;4126;3255;354
37964;-230;-212;4106;3263;336
37974;-230;-194;4114;3255;320
37984;-212;-186;4106;3263;342
37994;-232;-222;4098;3259;336
38004;-228;-202;4128;3259;365
38014;-224;-204;4140;3255;304
38024;-232;-198;4136;3262;336
38034;-226;-184;4102;3255;320
38044;-214;-186;4108;3261;363
38054;-230;-200;4106;3263;358
38064;-230;-208;4128;3251;336
38074;-222;-186;4092;3255;339
38084;-234;-202;4120;3255;360
38094;-218;-178;4112;3255;320
38104;-216;-192;4110;3263;336
38114;-222;-200;4116;3259;352
38124;-210;-174;4134;3263;333
38134;-220;-184;4136;3263;328
38144;-214;-190;4096;3263;340
38154;-212;-182;4126;3263;355
38164;-234;-200;4130;3267;355
38174;-206;-192;4130;3259;360
38184;-226;-198;4092;3259;326
38194;-220;-202;4128;3263;344
38204;-230;-208;4136;3259;344
38214;-226;-176;4114;3269;304
38224;-222;-194;4100;3259;328
38234;-234;-180;4128;3255;336
38244;-224;-190;4110;3263;338
38254;-232;-194;4096;3259;346
38264;-218;-192;4112;3263;332
38274;-220;-182;4104;3263;328
38284;-208;-202;4106;3259;344
38294;-218;-194;4102;3263;347
38304;-218;-196;4100;3251;364
38314;-214;-174;4142;3263;336
38324;-222;-188;4116;3255;326
38334;-234;-210;4104;3259;328
38344;-226;-178;4096;3263;336
38354;-232;-184;4104;3255;365
38364;-224;-204;4102;3263;354
38374;-228;-188;4122;3267;344
38384;-220;-208;4098;3262;324
38394;-228;-190;4116;3263;304
38404;-238;-182;4084;3255;329
38414;-212;-182;4126;3263;336
38424;-222;-196;4136;3267;336
38434;-224;-208;4110;3263;354
38444;-214;-198;4138;3263;356
38454;-232;-206;4114;3263;368
38464;-218;-200;4124;3270;356
38474;-210;-184;4114;3263;321
38484;-216;-208;4112;3263;352
38494;-208;-192;4122;3259;354
38504;-218;-194;4124;3263;345
38514;-214;-220;4104;3267;336
38524;-222;-196;4100;3263;348
38534;-220;-192;4110;3255;330
38544;-216;-190;4106;3263;352
38554;-228;-198;4112;3263;343
38564;-228;-188;4104;3263;363
38574;-216;-196;4098;3267;345
38584;-222;-182;4122;3263;334
38594;-220;-182;4120;3263;336
38604;-214;-192;4104;3263;348
38614;-220;-192;4096;3255;343
38624;-238;-178;4100;3251;336
38634;-224;-184;4126;3259;346
38644;-232;-190;4090;3263;346
38654;-218;-210;4106;3267;336
38664;-220;-194;4134;3259;365
38674;-218;-184;4160;3263;336
38684;-212;-174;4116;3255;337
38694;-222;-192;4118;3263;325
38704;-228;-200;4084;3267;338
38714;-218;-192;4102;3263;299
38724;-220;-214;4138;3259;372
38734;-226;-200;4132;3255;336
38744;-226;-182;4114;3263;352
38754;-230;-198;4110;3263;320
38764;-222;-182;4126;3263;338
38774;-224;-210;4116;3255;320
38784;-226;-186;4094;3263;342
38794;-224;-204;4098;3255;341
38804;-220;-200;4130;3263;334
38814;-214;-200;4110;3262;325
38824;-228;-188;4106;3263;332
38834;-222;-182;4110;3263;346
38844;-230;-204;4104;3255;368
38854;-220;-204;4088;3255;332
38864;-214;-190;4110;3259;345
38874;-212;-192;4084;3271;362
38884;-216;-196;4090;3259;371
38894;-218;-186;4104;3263;348
38904;-222;-184;4108;3254;336
38914;-214;-186;4106;3279;330
38924;-232;-190;4092;3259;320
38934;-228;-190;4126;3263;320
38944;-226;-194;4114;3263;330
38954;-222;-178;4108;3263;358
38964;-220;-194;4114;3259;370
38974;-218;-190;4132;3263;336
38984;-230;-192;4096;3262;368
38994;-228;-192;4136;3259;350
39004;-216;-216;4104;3263;336
39014;-216;-174;4090;3263;320
39024;-216;-206;4088;3263;360
39034;-226;-190;4086;3259;320
39044;-228;-216;4122;3251;312
39054;-234;-208;4092;3263;369
39064;-222;-200;4104;3263;337
39074;-218;-196;4090;3263;308
39084;-224;-178;4110;3271;362
39094;-216;-188;4106;3263;321
39104;-216;-204;4112;3267;352
39114;-220;-192;4098;3259;332
39124;-208;-210;4118;3255;352
39134;-204;-190;4120;3253;312
39144;-240;-202;4092;3263;365
39154;-236;-190;4112;3263;365
39164;-212;-190;4120;3259;336
39174;-222;-196;4128;3259;312
39184;-216;-200;4116;3261;336
39194;-222;-182;4146;3263;362
39204;-218;-204;4094;3259;368
39214;-224;-184;4106;3263;370
39224;-230;-182;4078;3255;321
39234;-234;-180;4148;3255;368
39244;-232;-194;4092;3253;346
39254;-218;-178;4104;3263;380
39264;-228;-176;4098;3263;365
39274;-218;-216;4120;3261;336
39284;-236;-198;4108;3259;368
39294;-220;-176;4106;3259;334
39304;-236;-206;4114;3259;306
39314;-230;-188;4104;3263;352
39324;-220;-206;4116;3263;336
39334;-232;-196;4122;3259;320
39344;-222;-200;4090;3251;330
39354;-242;-194;4130;3263;363
39364;-210;-208;4106;3263;329
39374;-212;-188;4102;3253;312
39384;-234;-198;4102;3263;342
39394;-218;-178;4122;3263;340
39404;-218;-182;4110;3253;352
39414;-230;-200;4112;3263;341
39424;-218;-196;4110;3255;320
39434;-220;-200;4110;3259;336
39444;-226;-204;4122;3259;352
39454;-226;-200;4096;3259;346
39464;-222;-194;3904;3258;364
39474;-222;-190;4106;3269;336
39484;-224;-204;4102;3255;365
39494;-230;-190;4134;3263;342
39504;-232;-182;4102;3263;346
39514;-224;-182;4100;3271;350
39524;-224;-200;4132;3263;356
39534;-220;-180;4114;3263;336
39544;-218;-192;4124;3259;313
39554;-226;-200;4110;3255;323
39564;-224;-188;4090;3255;339
39574;-224;-190;4130;3259;368
39584;-222;-212;4128;3261;344
39594;-220;-204;4106;3261;338
39604;-232;-180;4106;3251;337
39614;-228;-194;4086;3269;332
39624;-226;-192;4122;3263;322
39634;-228;-204;4122;3259;330
39644;-224;-200;4114;3255;356
39654;-218;-208;4124;3257;332
39664;-224;-210;4100;3227;314
39674;-232;-198;4114;3263;356
39684;-226;-194;4098;3263;320
39694;-230;-214;4094;3255;369
39704;-228;-188;4114;3261;337
39714;-234;-218;4114;3263;330
39724;-218;-194;4102;3255;320
39734;-218;-184;4110;3251;352
39744;-232;-192;4090;3259;350
39754;-238;-192;4114;3249;341
39764;-228;-188;4146;3251;336
39774;-214;-186;4098;3253;338
39784;-220;-196;4136;3259;320
39794;-216;-212;4106;3263;321
39804;-220;-194;4120;3255;323
39814;-216;-176;4108;3261;328
39824;-214;-186;4100;3255;336
39834;-214;-204;4100;3263;364
39844;-226;-206;4100;3263;352
39854;-226;-208;4110;3259;359
39864;-228;-204;4114;3259;312
39874;-206;-204;4114;3255;363
39884;-228;-192;4088;3259;334
39894;-224;-184;4130;3263;304
39904;-220;-190;4148;3250;336
39914;-226;-178;4150;3263;352
39924;-230;-194;4128;3263;352
39934;-226;-200;4100;3263;370
39944;-218;-182;4114;3267;326
39954;-228;-194;4116;3259;369
39964;-222;-208;4108;3263;305
39974;-224;-204;4096;3271;356
39984;-220;-192;4106;3263;330
39994;-230;-208;4104;3263;322
40004;-232;-212;4094;3254;336
40014;-228;-204;4108;3279;353
40024;-232;-182;4108;3263;320
40034;-220;-186;4106;3270;341
40044;-218;-188;4102;3253;368
40054;-222;-206;4102;3267;359
40064;-224;-202;4098;3263;329
40074;-228;-196;4102;3261;329
40084;-238;-188;4104;3267;353
40094;-226;-182;4116;3261;359
40104;-232;-202;4122;3263;354
40114;-228;-198;4106;3255;304
40124;-222;-198;4120;3263;320
40134;-220;-182;4114;3263;339
40144;-212;-198;4104;3263;336
40154;-218;-188;4114;3263;369
40164;-218;-210;4100;3263;336
40174;-218;-212;4098;3259;336
40184;-214;-188;4104;3263;316
40194;-224;-184;4028;3259;370
40204;-232;-196;4126;3263;336
40214;-236;-208;4120;3259;346
40224;-210;-192;4114;3263;336
40234;-210;-184;4124;3263;368
40244;-228;-192;4084;3267;320
40254;-234;-200;4096;3263;378
40264;-222;-190;4114;3263;348
40274;-226;-188;4118;3263;338
40284;-230;-204;4104;3263;322
40294;-228;-198;4094;3283;336
40304;-234;-196;4124;3255;320
40314;-220;-200;4156;3263;337
40324;-218;-174;4112;3269;310
40334;-228;-208;4132;3263;338
40344;-226;-174;4130;3263;350
40354;-228;-188;4126;3263;336
40364;-228;-182;4118;3263;380
40374;-224;-202;4142;3255;338
40384;-228;-184;4146;3255;370
40394;-230;-202;4098;3271;316
40404;-224;-178;4146;3263;366
40414;-226;-194;4124;3263;313
40424;-228;-202;4106;3263;384
40434;-224;-192;4112;3267;338
40444;-220;-194;4122;3263;320
40454;-224;-210;4150;3263;352
40464;-224;-196;4104;3263;352
40474;-234;-178;4118;3263;338
40484;-222;-204;4112;3263;352
40494;-198;-202;4106;3263;344
40504;-222;-174;4092;3263;359
40514;-224;-188;4106;3263;365
40524;-216;-178;4108;3267;332
40534;-208;-188;4098;3259;330
40544;-228;-178;4084;3255;356
40554;-218;-200;4104;3271;336
40564;-228;-198;4116;3263;360
40574;-220;-188;4076;3259;322
40584;-224;-200;4128;3255;332
40594;-216;-194;4110;3263;330
40604;-220;-190;4134;3263;342
40614;-222;-194;4108;3259;324
40624;-220;-200;4112;3263;346
40634;-232;-212;4120;3255;340
40644;-226;-212;4118;3263;338
40654;-226;-184;4110;3263;360
40664;-234;-190;4112;3263;309
40674;-238;-196;4150;3255;353
40684;-230;-202;4100;3275;326
40694;-234;-190;4106;3275;360
40704;-226;-198;4112;3267;330
40714;-234;-192;4090;3261;342
40724;-224;-200;4110;3263;354
40734;-224;-192;4106;3255;325
40744;-226;-184;4130;3263;322
40754;-220;-176;4114;3263;336
40764;-222;-192;4132;3271;331
40774;-224;-196;4110;3261;336
40784;-218;-200;4102;3263;320
40794;-210;-184;4098;3267;336
40804;-204;-182;4124;3267;361
40814;-220;-188;4108;3263;316
40824;-222;-204;4108;3271;333
40834;-222;-204;4108;3267;365
40844;-224;-188;4116;3263;372
40854;-224;-206;4114;3263;338
40864;-216;-196;4102;3255;353
40874;-224;-194;4120;3263;346
40884;-228;-178;4102;3263;340
40894;-218;-196;4124;3255;332
40904;-230;-180;4094;3263;328
40914;-220;-178;4128;3259;336
40924;-226;-176;4104;3261;337
40934;-226;-192;4108;3259;361
40944;-228;-198;4126;3263;368
40954;-218;-186;4092;3263;329
40964;-226;-198;4104;3263;310
40974;-224;-188;4130;3263;365
40984;-222;-190;4108;3251;358
40994;-230;-198;4108;3269;336
